	6	7	8	9	10	11	12	13	14	15	16	17	18	19	20	21	22	23	24	25	26	27	28	29	30	31	32	33	35	36	37	39	42	47	48	49	51	52	58	69	71	75
CO2_30_g0_r1_T1 - Adapter 1	46	14	160	99	935	420	196	130	313	579	619	1058	988	7319	7612	15720	8429	4884	7797	2558	917	314	42	10	11	6	1	3	2	1	2	1	2	1	2	1	1	1	1	1	1	1
	6	7	8	9	10	11	12	13	14	15	16	17	18	19	20	21	22	23	24	25	26	27	28	29	30	31	32	34	35	36	37	39	43	47	49	61
CO2_30_g0_r2_T1 - Adapter 1	29	10	146	95	578	298	120	73	259	338	595	823	647	3471	3291	6503	3721	3313	3449	1050	586	167	34	9	10	3	4	4	3	1	1	1	1	1	1	1
	6	7	8	9	10	11	12	13	14	15	16	17	18	19	20	21	22	23	24	25	26	27	28	29	30	31	33	34	35	36	37	40	50	51	54	72
CO2_30_g0_r3_T1 - Adapter 1	53	16	134	89	617	415	158	95	315	527	710	875	898	5184	5266	11234	5936	3234	6389	1916	788	260	50	5	5	12	6	2	2	3	1	1	1	2	1	1
	6	7	8	9	10	11	12	13	14	15	16	17	18	19	20	21	22	23	24	25	26	27	28	29	30	31	32	33	34	37	38	40	41	42	43	44	48	52	70	76
CO2_30_g10_r1_T1 - Adapter 1	40	14	123	82	568	421	142	143	340	610	753	1074	1425	13508	15556	32836	15851	4596	17941	5543	1720	589	52	17	29	11	4	4	6	3	4	2	1	1	1	1	1	1	1	1
	6	7	8	9	10	11	12	13	14	15	16	17	18	19	20	21	22	23	24	25	26	27	28	29	30	31	33	34	37	38	39	47	48	50	51	52	53	61	68	69	83
CO2_30_g10_r2_T1 - Adapter 1	47	16	129	78	571	303	121	102	260	265	558	937	1179	8873	10644	22889	11014	3178	12522	3968	1276	467	38	5	10	16	4	3	1	1	1	3	2	3	1	1	2	1	1	2	1
	6	7	8	9	10	11	12	13	14	15	16	17	18	19	20	21	22	23	24	25	26	27	28	29	30	31	33	34	36	37	40	51	77
CO2_30_g10_r3_T1 - Adapter 1	32	7	108	66	598	278	128	90	253	465	606	1061	821	4596	3541	7522	4483	4517	3738	1219	661	211	52	5	2	5	3	3	1	1	1	2	1
	6	7	8	9	10	11	12	13	14	15	16	17	18	19	20	21	22	23	24	25	26	27	28	29	30	31	33	36	37	39	47	51	52	53	65	72
CO2_30_g4_r1_T1 - Adapter 1	21	5	88	58	412	201	93	82	210	330	426	643	899	8240	9653	20961	10209	2370	11340	3625	1042	367	37	5	13	18	9	3	1	2	1	4	1	1	1	1
	6	7	8	9	10	11	12	13	14	15	16	17	18	19	20	21	22	23	24	25	26	27	28	29	30	31	33	34	35	36	38	39	40	43	47	48	50	51	52	53	56	65	69
CO2_30_g4_r2_T1 - Adapter 1	47	10	117	87	548	270	101	102	232	398	508	747	960	9204	11151	23959	11791	2836	13105	4024	1272	446	31	10	20	9	4	1	2	3	1	2	1	1	2	2	1	1	1	1	1	2	1
	6	7	8	9	10	11	12	13	14	15	16	17	18	19	20	21	22	23	24	25	26	27	28	29	30	31	33	34	36	37	38	47	48	50	52	53	72
CO2_30_g4_r3_T1 - Adapter 1	36	15	118	87	582	345	168	133	315	542	796	995	1339	12468	15329	31422	15784	4533	17938	5462	1751	592	35	5	29	19	6	3	2	1	2	1	2	1	4	2	1
	6	7	8	9	10	11	12	13	14	15	16	17	18	19	20	21	22	23	24	25	26	27	28	29	30	31	33	35	36	37	42	43	47	49	52	75
CO2_30_g8_r1_T1 - Adapter 1	39	8	122	80	591	331	147	90	323	499	702	891	839	5200	5406	11353	5802	3223	6223	2052	776	266	27	10	18	11	2	3	4	1	1	1	1	1	1	1
	6	7	8	9	10	11	12	13	14	15	16	17	18	19	20	21	22	23	24	25	26	27	28	29	30	31	33	34	37	38	39	40	44	47	51	54	55	67	68
CO2_30_g8_r2_T1 - Adapter 1	37	6	76	64	426	265	78	61	183	358	486	688	869	7138	8328	17871	8805	2640	9404	3082	1024	314	31	7	8	8	1	1	2	1	1	1	4	1	2	1	2	3	1
	6	7	8	9	10	11	12	13	14	15	16	17	18	19	20	21	22	23	24	25	26	27	28	29	30	31	32	33	34	36	37	38	44	47	52	53	65	67
CO2_30_g8_r3_T1 - Adapter 1	31	14	138	114	642	344	150	108	254	242	498	852	796	3291	3632	6453	3693	3216	3481	1132	587	182	35	7	5	3	3	2	2	1	3	1	1	2	2	1	1	1
	6	7	8	9	10	11	12	13	14	15	16	17	18	19	20	21	22	23	24	25	26	27	28	29	30	31	32	33	35	36	37	38	39	40	47	48	50
CO2_4_g0_r1_T1 - Adapter 1	29	6	94	60	389	225	88	85	147	315	420	583	793	7775	9360	19401	9641	2309	10869	3336	1007	317	16	3	16	12	1	9	1	1	1	3	2	1	1	1	1
	6	7	8	9	10	11	12	13	14	15	16	17	18	19	20	21	22	23	24	25	26	27	28	29	30	31	33	34	36	37	38	44	52	53	54
CO2_4_g0_r2_T1 - Adapter 1	30	10	92	71	409	285	117	88	229	419	545	710	1012	8871	10990	21913	10905	3242	12384	3812	1157	407	26	3	13	14	3	4	1	3	3	1	1	3	1
	6	7	8	9	10	11	12	13	14	15	16	17	18	19	20	21	22	23	24	25	26	27	28	29	30	31	32	33	34	37	38	39	40	43	44	47	49	51	52	53	54	66	71
CO2_4_g0_r3_T1 - Adapter 1	38	11	123	83	551	294	141	112	266	264	514	890	1232	9186	11450	23791	11826	3133	13467	3941	1250	435	31	12	14	11	4	10	4	2	1	1	2	1	1	3	2	1	1	3	1	1	1
	6	7	8	9	10	11	12	13	14	15	16	17	18	19	20	21	22	23	24	25	26	27	28	29	30	31	32	34	45	46	47	50	56
CO2_4_g0_r4_T1 - Adapter 1	22	4	54	48	438	212	82	70	176	337	454	710	530	2732	2374	4983	2995	2842	2428	719	418	141	35	11	2	3	1	3	1	1	1	2	1
	6	7	8	9	10	11	12	13	14	15	16	17	18	19	20	21	22	23	24	25	26	27	28	29	30	31	32	33	34	37	39	43	44	46	51	52
CO2_4_g10_r1_T1 - Adapter 1	31	6	125	62	653	295	123	97	299	462	643	958	762	3933	3542	7611	4187	3899	3591	1293	688	217	53	4	3	1	1	6	4	2	3	1	2	1	1	1
	6	7	8	9	10	11	12	13	14	15	16	17	18	19	20	21	22	23	24	25	26	27	28	29	30	31	32	33	34	38	41	46	47	50	51	52	53	65	69
CO2_4_g10_r2_T1 - Adapter 1	39	6	108	67	600	273	137	89	266	460	587	940	766	3916	3607	7291	4146	3916	3576	1214	727	226	36	5	6	1	2	7	4	1	1	1	1	1	1	2	1	1	1
	6	7	8	9	10	11	12	13	14	15	16	17	18	19	20	21	22	23	24	25	26	27	28	29	30	31	32	33	36	37	38	44	49	50	51	52	53	55
CO2_4_g10_r3_T1 - Adapter 1	35	9	109	72	518	268	118	115	243	437	606	920	1190	10672	12900	27914	13614	2953	15524	5029	1701	546	51	8	14	12	2	11	1	2	1	1	1	3	2	1	2	1
	6	7	8	9	10	11	12	13	14	15	16	17	18	19	20	21	22	23	24	25	26	27	28	29	30	31	32	33	35	36	38	39	40	41	42	43	44	47	48	49	51	52	53	65
CO2_4_g10_r4_T1 - Adapter 1	47	5	109	92	545	287	125	117	297	447	526	806	1051	10187	12243	25997	12993	3058	15037	4888	1565	529	43	7	27	6	5	10	2	2	1	1	1	1	1	2	1	1	1	2	1	1	1	1
	6	7	8	9	10	11	12	13	14	15	16	17	18	19	20	21	22	23	24	25	26	27	28	29	30	31	33	34	35	38	40	41	44	47	51	52	61	67
CO2_4_g4_r1_T1 - Adapter 1	28	10	107	55	527	305	114	102	258	419	622	803	1074	8362	10074	21708	10803	3068	11729	3653	1269	440	38	7	14	19	2	1	2	3	2	1	1	3	1	2	1	1
	6	7	8	9	10	11	12	13	14	15	16	17	18	19	20	21	22	23	24	25	26	27	28	29	30	31	34	35	36	37	43	47	52	54
CO2_4_g4_r2_T1 - Adapter 1	50	11	208	184	1131	598	252	181	385	364	791	1302	1221	4887	5620	9776	5709	5013	5393	1701	879	259	61	9	11	7	4	2	1	1	1	1	2	1
	6	7	8	9	10	11	12	13	14	15	16	17	18	19	20	21	22	23	24	25	26	27	28	29	30	31	32	33	34	35	37	38	39	44	46	50	51	52	53	54	55	56
CO2_4_g4_r3_T1 - Adapter 1	44	14	102	75	727	378	141	101	343	534	746	1150	852	4736	3739	8111	4562	4320	3942	1281	719	238	56	11	5	3	1	2	1	1	1	1	1	1	1	1	1	3	3	1	1	1
	6	7	8	9	10	11	12	13	14	15	16	17	18	19	20	21	22	23	24	25	26	27	28	29	30	32	33	34	37	40	45	50	53	56	67
CO2_4_g4_r4_T1 - Adapter 1	34	6	109	73	573	327	143	82	267	455	606	965	778	4183	3607	7146	4101	3785	3546	1222	601	222	41	11	6	2	6	1	1	1	1	1	2	1	1
	6	7	8	9	10	11	12	13	14	15	16	17	18	19	20	21	22	23	24	25	26	27	28	29	30	31	32	33	35	36	37	41	43	47	50	53	68
CO2_4_g8_r1_T1 - Adapter 1	46	7	127	95	518	307	128	111	238	288	517	809	1135	8764	11098	23438	11702	3230	13430	4376	1494	490	37	9	19	14	1	3	6	2	7	1	2	2	1	1	1
	6	7	8	9	10	11	12	13	14	15	16	17	18	19	20	21	22	23	24	25	26	27	28	29	30	31	32	33	34	49	51	52
CO2_4_g8_r2_T1 - Adapter 1	39	4	96	74	562	285	130	83	216	418	566	913	730	3949	3396	7372	4252	4244	3797	1248	704	250	51	10	4	5	2	1	3	2	1	3
	6	7	8	9	10	11	12	13	14	15	16	17	18	19	20	21	22	23	24	25	26	27	28	29	30	31	33	35	37	38	48	49	51	52	53	61	69	70	76
CO2_4_g8_r3_T1 - Adapter 1	43	7	152	99	786	378	175	111	301	513	560	1020	1068	7573	7963	16679	8984	4954	8807	2762	1167	413	64	15	11	7	6	2	3	1	1	1	2	1	1	1	1	1	1
	6	7	8	9	10	11	12	13	14	15	16	17	18	19	20	21	22	23	24	25	26	27	28	29	30	31	33	34	35	38	39	47	52	56
CO2_4_g8_r4_T1 - Adapter 1	48	9	108	84	611	275	112	61	229	326	516	713	634	3665	3401	6969	4232	3660	3916	1271	595	187	37	4	6	6	3	2	1	1	2	1	1	1

