	0	2	4	6	8	10	12	14	16	18	20	22	24	26	28	30	32	34	36	38	40	42	44	46	48	50
CO2_1_g0_r1_T1	745.0	466.0	588.0	736.0	899.0	1593.0	5271.0	56541.0	1424299.0	1936876.0	1916308.0	874017.0	47033.0	711861.0	37228.0	92.0	24.0	39.0	41.0	43.0	62.0	115.0	269.0	1332.0	3339.0	170597.0
	0	2	4	6	8	10	12	14	16	18	20	22	24	26	28	30	32	34	36	38	40	42	44	46	48	50
CO2_1_g0_r2_T1	1071.0	735.0	873.0	1020.0	1252.0	2264.0	6722.0	68256.0	1716798.0	2331028.0	2306972.0	1051247.0	65151.0	877458.0	48906.0	209.0	47.0	58.0	61.0	79.0	110.0	202.0	426.0	1742.0	4353.0	210345.0
	0	2	4	6	8	10	12	14	16	18	20	22	24	26	28	30	32	34	36	38	40	42	44	46	48	50
CO2_1_g0_r3_T1	1450.0	902.0	1003.0	1366.0	1491.0	2691.0	8082.0	84696.0	2123681.0	2889503.0	2866810.0	1308961.0	78941.0	1083563.0	61054.0	210.0	43.0	49.0	68.0	89.0	127.0	221.0	501.0	2235.0	5558.0	259368.0
	0	2	4	6	8	10	12	14	16	18	20	22	24	26	28	30	32	34	36	38	40	42	44	46	48	50
CO2_1_g10_r1_T1	1273.0	808.0	1015.0	1200.0	1358.0	1866.0	7326.0	87001.0	1992253.0	2615355.0	2531894.0	1140180.0	67879.0	1105713.0	61459.0	138.0	26.0	52.0	61.0	76.0	126.0	206.0	455.0	1764.0	4303.0	245106.0
	0	2	4	6	8	10	12	14	16	18	20	22	24	26	28	30	32	34	36	38	40	42	44	46	48	50
CO2_1_g10_r2_T1	1308.0	821.0	1029.0	1155.0	1359.0	1911.0	7097.0	85902.0	1961515.0	2589571.0	2510646.0	1133000.0	67621.0	1084253.0	66345.0	140.0	28.0	38.0	62.0	68.0	96.0	183.0	460.0	1712.0	4246.0	240887.0
	0	2	4	6	8	10	12	14	16	18	20	22	24	26	28	30	32	34	36	38	40	42	44	46	48	50
CO2_1_g10_r3_T1	1393.0	975.0	1094.0	1383.0	1577.0	2264.0	9370.0	112180.0	2583308.0	3408715.0	3315881.0	1511536.0	79432.0	1400439.0	83839.0	191.0	43.0	38.0	61.0	88.0	118.0	238.0	560.0	2109.0	5161.0	316977.0
	0	2	4	6	8	10	12	14	16	18	20	22	24	26	28	30	32	34	36	38	40	42	44	46	48	50
CO2_1_g4_r1_T1	1463.0	1001.0	1100.0	1518.0	1690.0	2719.0	9757.0	112737.0	2651519.0	3523340.0	3428864.0	1551734.0	85820.0	1384209.0	81944.0	167.0	42.0	60.0	76.0	105.0	113.0	257.0	574.0	2447.0	6370.0	319194.0
	0	2	4	6	8	10	12	14	16	18	20	22	24	26	28	30	32	34	36	38	40	42	44	46	48	50
CO2_1_g4_r2_T1	1094.0	811.0	919.0	1130.0	1350.0	2182.0	7640.0	86964.0	2052841.0	2740705.0	2675847.0	1216056.0	61507.0	1061544.0	62122.0	121.0	43.0	46.0	46.0	88.0	102.0	192.0	415.0	1854.0	4208.0	250598.0
	0	2	4	6	8	10	12	14	16	18	20	22	24	26	28	30	32	34	36	38	40	42	44	46	48	50
CO2_1_g4_r3_T1	1536.0	933.0	1111.0	1371.0	1486.0	2435.0	7579.0	82559.0	1947425.0	2592231.0	2528722.0	1149388.0	72822.0	1060607.0	60121.0	185.0	42.0	47.0	76.0	83.0	102.0	195.0	420.0	1734.0	4361.0	241968.0
	0	2	4	6	8	10	12	14	16	18	20	22	24	26	28	30	32	34	36	38	40	42	44	46	48	50
CO2_1_g8_r1_T1	931.0	692.0	768.0	1003.0	1117.0	1699.0	6296.0	73900.0	1705574.0	2256086.0	2191835.0	991544.0	54693.0	916531.0	53198.0	125.0	34.0	37.0	46.0	55.0	88.0	161.0	326.0	1542.0	3590.0	208494.0
	0	2	4	6	8	10	12	14	16	18	20	22	24	26	28	30	32	34	36	38	40	42	44	46	48	50
CO2_1_g8_r2_T1	1383.0	862.0	965.0	1374.0	1544.0	2239.0	8400.0	94797.0	2206668.0	2923327.0	2843307.0	1283616.0	72196.0	1189267.0	67723.0	132.0	39.0	43.0	64.0	75.0	124.0	207.0	462.0	1917.0	4579.0	270987.0
	0	2	4	6	8	10	12	14	16	18	20	22	24	26	28	30	32	34	36	38	40	42	44	46	48	50
CO2_1_g8_r3_T1	936.0	708.0	796.0	1076.0	1261.0	1820.0	7258.0	84837.0	1970986.0	2599525.0	2514398.0	1135087.0	59291.0	1042877.0	61308.0	189.0	42.0	33.0	64.0	67.0	90.0	184.0	377.0	1529.0	3843.0	239526.0
	0	2	4	6	8	10	12	14	16	18	20	22	24	26	28	30	32	34	36	38	40	42	44	46	48	50	52	54	56	58	60	62	64	66	68	70	72	74	76	78	80	82	84	86	88	90	92	94	96	98	100
CO2_30_g0_r1_T1	126.0	63.0	91.0	159.0	220.0	731.0	2970.0	36361.0	824453.0	1243183.0	1243338.0	512403.0	327.0	195.0	47.0	152.0	27.0	61.0	122.0	75.0	105.0	111.0	268.0	1188.0	5463.0	9727.0	14912.0	14098.0	7452.0	292.0	444.0	991.0	1399.0	1465.0	4045.0	4656.0	12756.0	53903.0	22650.0	513.0	201.0	23.0	17.0	10.0	5.0	18.0	21.0	36.0	106.0	412.0	226.0
	0	2	4	6	8	10	12	14	16	18	20	22	24	26	28	30	32	34	36	38	40	42	44	46	48	50	52	54	56	58	60	62	64	66	68	70	72	74	76	78	80	82	84	86	88	90	92	94	96	98	100
CO2_30_g0_r2_T1	53.0	55.0	64.0	157.0	161.0	644.0	2521.0	30648.0	713448.0	1077174.0	1082525.0	451735.0	272.0	152.0	60.0	101.0	18.0	39.0	85.0	56.0	109.0	108.0	215.0	968.0	4432.0	7623.0	11073.0	11067.0	5634.0	187.0	320.0	637.0	988.0	1031.0	2327.0	2695.0	7330.0	25791.0	11976.0	438.0	184.0	36.0	17.0	7.0	6.0	2.0	20.0	27.0	51.0	295.0	169.0
	0	2	4	6	8	10	12	14	16	18	20	22	24	26	28	30	32	34	36	38	40	42	44	46	48	50	52	54	56	58	60	62	64	66	68	70	72	74	76	78	80	82	84	86	88	90	92	94	96	98	100
CO2_30_g0_r3_T1	96.0	44.0	68.0	116.0	176.0	571.0	2726.0	32278.0	741998.0	1131471.0	1151952.0	482052.0	263.0	149.0	58.0	84.0	27.0	37.0	98.0	64.0	110.0	128.0	247.0	1190.0	5091.0	8777.0	13069.0	12761.0	6961.0	243.0	278.0	721.0	1027.0	1154.0	3052.0	3482.0	8054.0	29948.0	14026.0	384.0	169.0	18.0	16.0	13.0	10.0	6.0	17.0	24.0	56.0	206.0	121.0
	0	2	4	6	8	10	12	14	16	18	20	22	24	26	28	30	32	34	36	38	40	42	44	46	48	50	52	54	56	58	60	62	64	66	68	70	72	74	76	78	80	82	84	86	88	90	92	94	96	98	100
CO2_30_g10_r1_T1	93.0	51.0	75.0	135.0	218.0	552.0	3221.0	38108.0	856914.0	1298720.0	1323579.0	573270.0	279.0	145.0	53.0	181.0	32.0	63.0	119.0	94.0	105.0	163.0	266.0	1328.0	5866.0	9983.0	14173.0	14008.0	7541.0	252.0	271.0	635.0	887.0	1069.0	2801.0	3482.0	8607.0	33199.0	16239.0	389.0	178.0	31.0	22.0	14.0	9.0	10.0	20.0	27.0	61.0	222.0	151.0
	0	2	4	6	8	10	12	14	16	18	20	22	24	26	28	30	32	34	36	38	40	42	44	46	48	50	52	54	56	58	60	62	64	66	68	70	72	74	76	78	80	82	84	86	88	90	92	94	96	98	100
CO2_30_g10_r2_T1	68.0	39.0	58.0	131.0	173.0	443.0	2718.0	33602.0	753970.0	1136347.0	1170961.0	501837.0	192.0	112.0	66.0	303.0	15.0	31.0	83.0	72.0	97.0	81.0	221.0	1051.0	4378.0	7373.0	10773.0	10468.0	5690.0	194.0	222.0	614.0	819.0	903.0	1742.0	1985.0	6349.0	24445.0	12025.0	420.0	168.0	20.0	23.0	2.0	3.0	6.0	13.0	18.0	25.0	153.0	101.0
	0	2	4	6	8	10	12	14	16	18	20	22	24	26	28	30	32	34	36	38	40	42	44	46	48	50	52	54	56	58	60	62	64	66	68	70	72	74	76	78	80	82	84	86	88	90	92	94	96	98	100
CO2_30_g10_r3_T1	94.0	47.0	72.0	145.0	232.0	481.0	3073.0	36774.0	822008.0	1240196.0	1262989.0	545276.0	222.0	151.0	58.0	110.0	29.0	76.0	134.0	82.0	113.0	134.0	275.0	1239.0	5519.0	9615.0	13519.0	12972.0	7011.0	198.0	230.0	523.0	803.0	1001.0	2862.0	3485.0	7818.0	30477.0	15170.0	412.0	180.0	22.0	21.0	6.0	9.0	9.0	22.0	21.0	47.0	197.0	137.0
	0	2	4	6	8	10	12	14	16	18	20	22	24	26	28	30	32	34	36	38	40	42	44	46	48	50	52	54	56	58	60	62	64	66	68	70	72	74	76	78	80	82	84	86	88	90	92	94	96	98	100
CO2_30_g4_r1_T1	56.0	37.0	55.0	93.0	136.0	508.0	2043.0	25214.0	566246.0	856009.0	864788.0	365782.0	141.0	79.0	32.0	76.0	17.0	36.0	88.0	43.0	65.0	102.0	186.0	809.0	3594.0	6585.0	9071.0	8756.0	4878.0	124.0	207.0	424.0	636.0	724.0	1888.0	2301.0	5958.0	23273.0	11243.0	243.0	128.0	17.0	13.0	5.0	4.0	2.0	16.0	16.0	40.0	167.0	79.0
	0	2	4	6	8	10	12	14	16	18	20	22	24	26	28	30	32	34	36	38	40	42	44	46	48	50	52	54	56	58	60	62	64	66	68	70	72	74	76	78	80	82	84	86	88	90	92	94	96	98	100
CO2_30_g4_r2_T1	71.0	55.0	58.0	152.0	168.0	582.0	2425.0	28996.0	637068.0	958856.0	966005.0	404706.0	215.0	152.0	57.0	100.0	12.0	32.0	99.0	90.0	61.0	111.0	183.0	891.0	3936.0	7235.0	9710.0	9120.0	4692.0	176.0	266.0	524.0	819.0	910.0	2244.0	2445.0	6289.0	22538.0	11310.0	326.0	134.0	23.0	5.0	7.0	11.0	6.0	18.0	22.0	47.0	242.0	140.0
	0	2	4	6	8	10	12	14	16	18	20	22	24	26	28	30	32	34	36	38	40	42	44	46	48	50	52	54	56	58	60	62	64	66	68	70	72	74	76	78	80	82	84	86	88	90	92	94	96	98	100
CO2_30_g4_r3_T1	91.0	62.0	92.0	146.0	161.0	681.0	3091.0	37433.0	825995.0	1235390.0	1237635.0	519682.0	226.0	168.0	52.0	92.0	21.0	46.0	111.0	65.0	108.0	115.0	262.0	1149.0	5264.0	8908.0	13041.0	12555.0	6636.0	231.0	241.0	602.0	864.0	1017.0	2634.0	3310.0	8293.0	31679.0	15088.0	357.0	206.0	20.0	10.0	10.0	10.0	8.0	23.0	35.0	90.0	370.0	172.0
	0	2	4	6	8	10	12	14	16	18	20	22	24	26	28	30	32	34	36	38	40	42	44	46	48	50	52	54	56	58	60	62	64	66	68	70	72	74	76	78	80	82	84	86	88	90	92	94	96	98	100
CO2_30_g8_r1_T1	71.0	40.0	80.0	120.0	179.0	506.0	2705.0	32201.0	709900.0	1069963.0	1091768.0	465623.0	237.0	138.0	56.0	139.0	16.0	39.0	89.0	59.0	117.0	90.0	230.0	1104.0	4745.0	8547.0	12012.0	12100.0	6435.0	228.0	248.0	608.0	842.0	1022.0	2710.0	3131.0	7504.0	26938.0	13299.0	390.0	165.0	38.0	17.0	8.0	8.0	10.0	16.0	34.0	46.0	289.0	171.0
	0	2	4	6	8	10	12	14	16	18	20	22	24	26	28	30	32	34	36	38	40	42	44	46	48	50	52	54	56	58	60	62	64	66	68	70	72	74	76	78	80	82	84	86	88	90	92	94	96	98	100
CO2_30_g8_r2_T1	78.0	39.0	69.0	71.0	107.0	367.0	2189.0	27023.0	583283.0	877958.0	892068.0	374547.0	204.0	106.0	39.0	119.0	18.0	32.0	99.0	56.0	62.0	87.0	181.0	892.0	3749.0	6672.0	9577.0	9237.0	4891.0	149.0	211.0	449.0	698.0	727.0	2000.0	2373.0	6482.0	23422.0	11870.0	319.0	140.0	20.0	22.0	3.0	9.0	8.0	13.0	20.0	50.0	259.0	132.0
	0	2	4	6	8	10	12	14	16	18	20	22	24	26	28	30	32	34	36	38	40	42	44	46	48	50	52	54	56	58	60	62	64	66	68	70	72	74	76	78	80	82	84	86	88	90	92	94	96	98	100
CO2_30_g8_r3_T1	89.0	52.0	69.0	114.0	155.0	369.0	2371.0	28762.0	629164.0	946959.0	956231.0	407802.0	236.0	116.0	41.0	99.0	18.0	26.0	92.0	57.0	94.0	87.0	215.0	954.0	4263.0	7346.0	10061.0	10017.0	5294.0	192.0	249.0	664.0	930.0	1105.0	1817.0	1922.0	5983.0	21295.0	10226.0	302.0	141.0	16.0	14.0	9.0	7.0	6.0	22.0	22.0	60.0	217.0	116.0
	0	2	4	6	8	10	12	14	16	18	20	22	24	26	28	30	32	34	36	38	40	42	44	46	48	50	52	54	56	58	60	62	64	66	68	70	72	74	76	78	80	82	84	86	88	90	92	94	96	98	100
CO2_4_g0_r1_T1	75.0	31.0	48.0	100.0	119.0	392.0	1890.0	22503.0	507680.0	760142.0	768948.0	324055.0	181.0	87.0	33.0	63.0	14.0	31.0	55.0	43.0	70.0	83.0	171.0	694.0	3084.0	5436.0	7544.0	7127.0	3546.0	139.0	156.0	377.0	572.0	641.0	1499.0	1753.0	4659.0	16295.0	8197.0	212.0	111.0	14.0	6.0	2.0	1.0	7.0	7.0	9.0	34.0	125.0	58.0
	0	2	4	6	8	10	12	14	16	18	20	22	24	26	28	30	32	34	36	38	40	42	44	46	48	50	52	54	56	58	60	62	64	66	68	70	72	74	76	78	80	82	84	86	88	90	92	94	96	98	100
CO2_4_g0_r2_T1	57.0	47.0	41.0	103.0	129.0	436.0	2070.0	25358.0	582021.0	879921.0	895743.0	377772.0	159.0	97.0	40.0	76.0	17.0	46.0	85.0	43.0	60.0	101.0	183.0	834.0	3750.0	6576.0	9676.0	9568.0	5133.0	175.0	197.0	485.0	729.0	837.0	2170.0	2814.0	7000.0	27486.0	12863.0	281.0	138.0	24.0	6.0	7.0	11.0	9.0	42.0	28.0	51.0	265.0	152.0
	0	2	4	6	8	10	12	14	16	18	20	22	24	26	28	30	32	34	36	38	40	42	44	46	48	50	52	54	56	58	60	62	64	66	68	70	72	74	76	78	80	82	84	86	88	90	92	94	96	98	100
CO2_4_g0_r3_T1	97.0	43.0	67.0	109.0	169.0	626.0	2813.0	32347.0	760954.0	1151718.0	1174202.0	495606.0	205.0	163.0	46.0	120.0	13.0	34.0	81.0	59.0	76.0	120.0	215.0	949.0	4049.0	7055.0	10418.0	9995.0	5537.0	222.0	286.0	708.0	980.0	1040.0	1967.0	2303.0	7607.0	30123.0	13450.0	400.0	169.0	32.0	13.0	8.0	5.0	11.0	12.0	24.0	62.0	255.0	124.0
	0	2	4	6	8	10	12	14	16	18	20	22	24	26	28	30	32	34	36	38	40	42	44	46	48	50	52	54	56	58	60	62	64	66	68	70	72	74	76	78	80	82	84	86	88	90	92	94	96	98	100
CO2_4_g0_r4_T1	67.0	39.0	52.0	84.0	123.0	480.0	2016.0	24494.0	565637.0	841391.0	843456.0	350253.0	183.0	112.0	36.0	71.0	16.0	66.0	70.0	51.0	82.0	75.0	148.0	804.0	3718.0	6302.0	9251.0	8884.0	4723.0	119.0	162.0	396.0	625.0	764.0	2247.0	2836.0	6143.0	24826.0	11321.0	280.0	153.0	20.0	11.0	13.0	9.0	9.0	22.0	24.0	67.0	297.0	149.0
	0	2	4	6	8	10	12	14	16	18	20	22	24	26	28	30	32	34	36	38	40	42	44	46	48	50	52	54	56	58	60	62	64	66	68	70	72	74	76	78	80	82	84	86	88	90	92	94	96	98	100
CO2_4_g10_r1_T1	120.0	60.0	78.0	134.0	152.0	432.0	3041.0	38185.0	789704.0	1158828.0	1151315.0	478321.0	249.0	158.0	73.0	140.0	30.0	79.0	155.0	80.0	105.0	137.0	219.0	1325.0	5736.0	9955.0	13553.0	12704.0	6618.0	248.0	279.0	584.0	926.0	979.0	2974.0	3595.0	8709.0	31611.0	15660.0	397.0	154.0	26.0	14.0	7.0	7.0	12.0	12.0	26.0	72.0	336.0	153.0
	0	2	4	6	8	10	12	14	16	18	20	22	24	26	28	30	32	34	36	38	40	42	44	46	48	50	52	54	56	58	60	62	64	66	68	70	72	74	76	78	80	82	84	86	88	90	92	94	96	98	100
CO2_4_g10_r2_T1	97.0	57.0	98.0	130.0	161.0	381.0	2848.0	36144.0	735179.0	1080427.0	1074430.0	446362.0	226.0	136.0	47.0	123.0	28.0	60.0	139.0	78.0	99.0	160.0	266.0	1205.0	5345.0	9265.0	12918.0	12117.0	6384.0	196.0	232.0	559.0	806.0	933.0	2640.0	3264.0	7576.0	27340.0	13854.0	355.0	174.0	29.0	13.0	8.0	7.0	9.0	16.0	27.0	63.0	278.0	176.0
	0	2	4	6	8	10	12	14	16	18	20	22	24	26	28	30	32	34	36	38	40	42	44	46	48	50	52	54	56	58	60	62	64	66	68	70	72	74	76	78	80	82	84	86	88	90	92	94	96	98	100
CO2_4_g10_r3_T1	76.0	47.0	75.0	109.0	141.0	404.0	2924.0	36864.0	760674.0	1120705.0	1110079.0	464355.0	173.0	120.0	57.0	125.0	28.0	46.0	109.0	77.0	115.0	134.0	255.0	1113.0	4858.0	8310.0	11374.0	10889.0	5921.0	206.0	232.0	505.0	777.0	874.0	2338.0	2717.0	7041.0	27701.0	13301.0	382.0	167.0	19.0	11.0	6.0	9.0	8.0	12.0	16.0	78.0	287.0	163.0
	0	2	4	6	8	10	12	14	16	18	20	22	24	26	28	30	32	34	36	38	40	42	44	46	48	50	52	54	56	58	60	62	64	66	68	70	72	74	76	78	80	82	84	86	88	90	92	94	96	98	100
CO2_4_g10_r4_T1	106.0	50.0	78.0	137.0	188.0	379.0	2713.0	35079.0	714887.0	1046678.0	1040566.0	434544.0	225.0	124.0	44.0	176.0	26.0	34.0	126.0	103.0	111.0	114.0	229.0	1125.0	4729.0	8409.0	10877.0	10191.0	5019.0	180.0	271.0	550.0	817.0	939.0	2114.0	2460.0	6253.0	22437.0	11304.0	328.0	141.0	25.0	8.0	10.0	6.0	5.0	12.0	18.0	40.0	149.0	98.0
	0	2	4	6	8	10	12	14	16	18	20	22	24	26	28	30	32	34	36	38	40	42	44	46	48	50	52	54	56	58	60	62	64	66	68	70	72	74	76	78	80	82	84	86	88	90	92	94	96	98	100
CO2_4_g4_r1_T1	88.0	64.0	69.0	128.0	166.0	496.0	2897.0	33719.0	726173.0	1077078.0	1076302.0	450080.0	213.0	123.0	56.0	138.0	25.0	49.0	104.0	72.0	106.0	129.0	213.0	1078.0	4760.0	8243.0	11680.0	11015.0	5860.0	193.0	263.0	579.0	885.0	987.0	2635.0	3049.0	7906.0	29256.0	14010.0	312.0	157.0	25.0	18.0	7.0	6.0	3.0	17.0	21.0	61.0	194.0	93.0
	0	2	4	6	8	10	12	14	16	18	20	22	24	26	28	30	32	34	36	38	40	42	44	46	48	50	52	54	56	58	60	62	64	66	68	70	72	74	76	78	80	82	84	86	88	90	92	94	96	98	100
CO2_4_g4_r2_T1	123.0	77.0	113.0	186.0	182.0	677.0	3686.0	45732.0	999010.0	1480296.0	1474126.0	613633.0	359.0	179.0	52.0	118.0	34.0	39.0	143.0	83.0	117.0	170.0	281.0	1505.0	6636.0	11634.0	16050.0	15619.0	8272.0	330.0	378.0	1155.0	1557.0	1741.0	3007.0	3231.0	9783.0	35291.0	15760.0	473.0	204.0	30.0	14.0	11.0	12.0	10.0	24.0	23.0	58.0	271.0	123.0
	0	2	4	6	8	10	12	14	16	18	20	22	24	26	28	30	32	34	36	38	40	42	44	46	48	50	52	54	56	58	60	62	64	66	68	70	72	74	76	78	80	82	84	86	88	90	92	94	96	98	100
CO2_4_g4_r3_T1	129.0	74.0	107.0	144.0	183.0	606.0	3158.0	39484.0	863572.0	1284657.0	1298501.0	546188.0	260.0	196.0	65.0	163.0	37.0	89.0	142.0	99.0	143.0	137.0	299.0	1333.0	6141.0	10987.0	15196.0	14810.0	7808.0	265.0	323.0	723.0	1086.0	1204.0	3606.0	4307.0	10146.0	37746.0	18660.0	465.0	185.0	17.0	14.0	4.0	13.0	6.0	10.0	30.0	52.0	254.0	152.0
	0	2	4	6	8	10	12	14	16	18	20	22	24	26	28	30	32	34	36	38	40	42	44	46	48	50	52	54	56	58	60	62	64	66	68	70	72	74	76	78	80	82	84	86	88	90	92	94	96	98	100
CO2_4_g4_r4_T1	118.0	71.0	72.0	126.0	178.0	535.0	2887.0	35031.0	750677.0	1117335.0	1119059.0	467027.0	209.0	142.0	44.0	148.0	33.0	76.0	125.0	80.0	94.0	140.0	239.0	1175.0	5468.0	9440.0	13132.0	12434.0	6718.0	216.0	266.0	544.0	816.0	1020.0	2844.0	3333.0	8080.0	29602.0	14316.0	346.0	166.0	15.0	15.0	4.0	7.0	7.0	12.0	20.0	44.0	205.0	105.0
	0	2	4	6	8	10	12	14	16	18	20	22	24	26	28	30	32	34	36	38	40	42	44	46	48	50	52	54	56	58	60	62	64	66	68	70	72	74	76	78	80	82	84	86	88	90	92	94	96	98	100
CO2_4_g8_r1_T1	61.0	55.0	88.0	133.0	197.0	503.0	3016.0	39288.0	817858.0	1203842.0	1198380.0	500740.0	206.0	135.0	61.0	137.0	21.0	28.0	89.0	62.0	115.0	114.0	263.0	1138.0	4547.0	7370.0	10577.0	9775.0	5212.0	224.0	252.0	630.0	855.0	969.0	1793.0	2073.0	6775.0	25929.0	12012.0	446.0	184.0	30.0	19.0	9.0	9.0	13.0	17.0	30.0	61.0	266.0	134.0
	0	2	4	6	8	10	12	14	16	18	20	22	24	26	28	30	32	34	36	38	40	42	44	46	48	50	52	54	56	58	60	62	64	66	68	70	72	74	76	78	80	82	84	86	88	90	92	94	96	98	100
CO2_4_g8_r2_T1	91.0	53.0	70.0	134.0	179.0	463.0	3049.0	38750.0	804213.0	1186905.0	1179366.0	491121.0	228.0	135.0	60.0	119.0	27.0	50.0	123.0	67.0	115.0	148.0	267.0	1214.0	5302.0	8835.0	12430.0	11761.0	6138.0	191.0	232.0	534.0	749.0	917.0	2817.0	3374.0	7637.0	29608.0	14117.0	429.0	187.0	25.0	12.0	9.0	6.0	3.0	21.0	27.0	69.0	344.0	184.0
	0	2	4	6	8	10	12	14	16	18	20	22	24	26	28	30	32	34	36	38	40	42	44	46	48	50	52	54	56	58	60	62	64	66	68	70	72	74	76	78	80	82	84	86	88	90	92	94	96	98	100
CO2_4_g8_r3_T1	120.0	63.0	114.0	159.0	184.0	492.0	3248.0	40561.0	853822.0	1258512.0	1251711.0	523944.0	288.0	158.0	67.0	196.0	36.0	68.0	132.0	70.0	142.0	177.0	263.0	1319.0	5783.0	9926.0	14076.0	13079.0	6935.0	246.0	318.0	757.0	1108.0	1147.0	3347.0	3519.0	9580.0	37604.0	18105.0	384.0	190.0	26.0	12.0	13.0	5.0	7.0	23.0	35.0	71.0	399.0	200.0
	0	2	4	6	8	10	12	14	16	18	20	22	24	26	28	30	32	34	36	38	40	42	44	46	48	50	52	54	56	58	60	62	64	66	68	70	72	74	76	78	80	82	84	86	88	90	92	94	96	98	100
CO2_4_g8_r4_T1	83.0	79.0	74.0	126.0	161.0	423.0	2750.0	34901.0	722812.0	1068039.0	1067917.0	446106.0	224.0	108.0	49.0	109.0	20.0	33.0	92.0	55.0	78.0	95.0	239.0	1007.0	4505.0	7572.0	10557.0	9961.0	5146.0	186.0	284.0	622.0	891.0	901.0	2113.0	2514.0	6641.0	23077.0	11219.0	368.0	164.0	22.0	18.0	10.0	9.0	14.0	25.0	24.0	75.0	330.0	185.0
	0	2	4	6	8	10	12	14	16	18	20	22	24	26	28	30	32	34	36	38	40	42	44	46	48	50
CO2_amb_g0_r1_T1	947.0	645.0	733.0	952.0	1104.0	2232.0	6819.0	75967.0	1916253.0	2617118.0	2617617.0	1196442.0	59146.0	955461.0	56326.0	315.0	36.0	46.0	48.0	52.0	81.0	189.0	363.0	1512.0	3785.0	231200.0
	0	2	4	6	8	10	12	14	16	18	20	22	24	26	28	30	32	34	36	38	40	42	44	46	48	50
CO2_amb_g0_r2_T1	1598.0	950.0	1051.0	1267.0	1500.0	2526.0	7364.0	76525.0	1922436.0	2625107.0	2619574.0	1198444.0	76883.0	1028308.0	54004.0	305.0	34.0	50.0	57.0	76.0	88.0	158.0	387.0	1640.0	4026.0	234500.0
	0	2	4	6	8	10	12	14	16	18	20	22	24	26	28	30	32	34	36	38	40	42	44	46	48	50
CO2_amb_g0_r3_T1	909.0	572.0	656.0	910.0	948.0	1845.0	5926.0	65126.0	1628182.0	2219718.0	2206765.0	1005609.0	53413.0	831467.0	46212.0	178.0	33.0	31.0	42.0	47.0	75.0	119.0	312.0	1296.0	3121.0	196245.0
	0	2	4	6	8	10	12	14	16	18	20	22	24	26	28	30	32	34	36	38	40	42	44	46	48	50
CO2_amb_g10_r1_T1	1866.0	1099.0	1327.0	1522.0	1856.0	2816.0	8915.0	96190.0	2247197.0	3002042.0	2926410.0	1362380.0	95498.0	1229919.0	66221.0	354.0	53.0	46.0	72.0	125.0	157.0	252.0	538.0	2347.0	5812.0	272813.0
	0	2	4	6	8	10	12	14	16	18	20	22	24	26	28	30	32	34	36	38	40	42	44	46	48	50
CO2_amb_g10_r2_T1	1270.0	811.0	915.0	1171.0	1392.0	2167.0	7852.0	86356.0	2017749.0	2710212.0	2631314.0	1217303.0	73315.0	1070710.0	58615.0	276.0	56.0	37.0	60.0	67.0	100.0	179.0	468.0	1832.0	4883.0	241763.0
	0	2	4	6	8	10	12	14	16	18	20	22	24	26	28	30	32	34	36	38	40	42	44	46	48	50
CO2_amb_g10_r3_T1	1314.0	900.0	984.0	1200.0	1434.0	2300.0	7872.0	85525.0	2026870.0	2731709.0	2649195.0	1232665.0	75254.0	1075635.0	58139.0	412.0	50.0	43.0	76.0	87.0	141.0	225.0	462.0	1894.0	5158.0	244834.0
	0	2	4	6	8	10	12	14	16	18	20	22	24	26	28	30	32	34	36	38	40	42	44	46	48	50
CO2_amb_g4_r1_T1	987.0	629.0	756.0	979.0	1106.0	1888.0	6127.0	67159.0	1663786.0	2249995.0	2200771.0	1012695.0	56095.0	861427.0	47559.0	245.0	23.0	33.0	49.0	48.0	84.0	146.0	322.0	1310.0	3178.0	199550.0
	0	2	4	6	8	10	12	14	16	18	20	22	24	26	28	30	32	34	36	38	40	42	44	46	48	50
CO2_amb_g4_r2_T1	512.0	341.0	439.0	587.0	627.0	1191.0	4080.0	45030.0	1101359.0	1486349.0	1447613.0	663141.0	33917.0	560536.0	32404.0	198.0	13.0	24.0	29.0	39.0	45.0	78.0	194.0	882.0	2081.0	131863.0
	0	2	4	6	8	10	12	14	16	18	20	22	24	26	28	30	32	34	36	38	40	42	44	46	48	50
CO2_amb_g4_r3_T1	696.0	509.0	565.0	743.0	859.0	1496.0	4547.0	50415.0	1234525.0	1677813.0	1647432.0	764015.0	43885.0	646022.0	37365.0	171.0	21.0	10.0	33.0	49.0	51.0	118.0	262.0	1101.0	2577.0	150694.0
	0	2	4	6	8	10	12	14	16	18	20	22	24	26	28	30	32	34	36	38	40	42	44	46	48	50
CO2_amb_g8_r1_T1	736.0	525.0	585.0	716.0	880.0	1358.0	4736.0	54604.0	1291156.0	1731043.0	1699945.0	784580.0	46860.0	706985.0	32196.0	99.0	27.0	34.0	37.0	54.0	72.0	117.0	272.0	1054.0	2616.0	151107.0
	0	2	4	6	8	10	12	14	16	18	20	22	24	26	28	30	32	34	36	38	40	42	44	46	48	50
CO2_amb_g8_r2_T1	701.0	440.0	463.0	628.0	844.0	1298.0	5062.0	55696.0	1303999.0	1750797.0	1692400.0	775857.0	41719.0	687323.0	42156.0	369.0	23.0	29.0	39.0	24.0	53.0	109.0	249.0	979.0	2490.0	155504.0
	0	2	4	6	8	10	12	14	16	18	20	22	24	26	28	30	32	34	36	38	40	42	44	46	48	50
CO2_amb_g8_r3_T1	943.0	689.0	761.0	944.0	1195.0	1929.0	6800.0	74867.0	1797711.0	2411283.0	2340030.0	1088211.0	58705.0	921949.0	43463.0	191.0	20.0	33.0	45.0	77.0	95.0	156.0	415.0	1639.0	3818.0	210017.0

