	6	10	13	14	18	19	20	21	24	31	33	34
CO2_1_g0_r1_T1 - Adapter 1	0.0022785531187695814	0.14492753623188406	10.0	60.0	10.0	40.0	640.0	20.0	20.0	10.0	50.0	20.0
	6	7	10	11	14	15	19	20	21	22	23	27	28	32	33	34
CO2_1_g0_r2_T1 - Adapter 1	0.0042384854478666285	0.0037678975131876418	0.12048192771084336	0.47619047619047616	90.0	10.0	100.0	1620.0	110.0	30.0	20.0	10.0	10.0	10.0	40.0	40.0
	6	7	8	10	11	14	15	19	20	21	22	23	24	27	32	33	34	42
CO2_1_g0_r3_T1 - Adapter 1	0.002279202279202279	0.00151952590791673	0.0060790273556231	0.0970873786407767	0.3846153846153846	20.0	5.0	25.0	810.0	45.0	10.0	10.0	5.0	15.0	5.0	15.0	20.0	5.0
	6	7	8	10	11	13	14	18	20	21	24	25	27	28	32	33	34	42	48
CO2_1_g10_r1_T1 - Adapter 1	0.004150410890678177	0.0016600265604249668	0.006640106241699867	0.10638297872340426	0.8333333333333334	10.0	20.0	40.0	1000.0	80.0	10.0	10.0	20.0	10.0	10.0	70.0	70.0	10.0	10.0
	6	9	10	11	14	18	19	20	21	23	26	27	32	33	34
CO2_1_g10_r2_T1 - Adapter 1	0.005035246727089627	0.026881720430107524	0.1075268817204301	0.4347826086956522	20.0	30.0	50.0	940.0	70.0	40.0	10.0	10.0	10.0	80.0	100.0
	6	7	13	14	16	17	18	19	20	21	22	24	27	28	30	33	34	41
CO2_1_g10_r3_T1 - Adapter 1	0.004785452225235284	0.0038284839203675345	5.0	40.0	10.0	25.0	5.0	35.0	685.0	60.0	5.0	5.0	20.0	15.0	5.0	15.0	20.0	5.0
	6	10	14	19	20	21	22	23	26	27	28	31	33	34	35	38
CO2_1_g4_r1_T1 - Adapter 1	0.003110419906687403	0.2380952380952381	15.0	15.0	625.0	45.0	10.0	35.0	5.0	20.0	15.0	5.0	25.0	20.0	5.0	5.0
	6	7	9	11	14	19	20	21	22	23	24	25	27	28	32	33	34	42
CO2_1_g4_r2_T1 - Adapter 1	0.0024022100332305725	0.0032030749519538757	0.02564102564102564	0.4166666666666667	5.0	15.0	430.0	40.0	10.0	20.0	5.0	5.0	15.0	10.0	5.0	30.0	35.0	5.0
	6	7	9	13	14	15	18	19	20	21	23	24	25	26	27	28	33	34
CO2_1_g4_r3_T1 - Adapter 1	0.00503630335333865	0.0067147893234849754	0.026881720430107524	10.0	40.0	10.0	40.0	40.0	1390.0	80.0	40.0	10.0	10.0	10.0	40.0	10.0	70.0	100.0
	6	14	16	18	19	20	22	23	25	27	33	34
CO2_1_g8_r1_T1 - Adapter 1	0.0009671179883945841	10.0	20.0	20.0	10.0	950.0	10.0	40.0	20.0	20.0	90.0	30.0
	6	8	9	11	12	14	18	19	20	21	22	23	24	26	27	28	29	33	34	42
CO2_1_g8_r2_T1 - Adapter 1	0.007090081349354429	0.005970149253731343	0.02386634844868735	0.3846153846153846	1.4285714285714286	35.0	5.0	15.0	450.0	35.0	10.0	25.0	10.0	5.0	5.0	15.0	5.0	25.0	30.0	5.0
	6	8	9	10	14	15	16	17	18	19	20	21	22	24	27	28	29	30	33	34
CO2_1_g8_r3_T1 - Adapter 1	0.003368421052631579	0.0067385444743935305	0.026954177897574122	0.1075268817204301	80.0	20.0	10.0	20.0	20.0	30.0	1550.0	100.0	30.0	20.0	20.0	20.0	10.0	10.0	20.0	100.0
	6	7	8	9	10	11	12	13	14	15	16	17	18	19	20	21	22	23	24	25	26	27	28	29	30	31	32	33	35	36	37	39	42	47	48	49	51	52	58	69	71	75
CO2_30_g0_r1_T1 - Adapter 1	0.046838407494145196	0.05702647657841141	2.6058631921824107	6.470588235294118	246.05263157894737	420.0	980.0	1300.0	3130.0	5790.0	6190.0	10580.0	9880.0	73190.0	76120.0	157200.0	84290.0	48840.0	77970.0	25580.0	9170.0	3140.0	420.0	100.0	110.0	60.0	10.0	30.0	20.0	10.0	20.0	10.0	20.0	10.0	20.0	10.0	10.0	10.0	10.0	10.0	10.0	10.0
	6	7	8	9	10	11	12	13	14	15	16	17	18	19	20	21	22	23	24	25	26	27	28	29	30	31	32	34	35	36	37	39	43	47	49	61
CO2_30_g0_r2_T1 - Adapter 1	0.034372407253763185	0.0474158368895211	2.770398481973434	7.196969696969697	175.15151515151516	372.5	600.0	730.0	2590.0	3380.0	5950.0	8230.0	6470.0	34710.0	32910.0	65030.0	37210.0	33130.0	34490.0	10500.0	5860.0	1670.0	340.0	90.0	100.0	30.0	40.0	40.0	30.0	10.0	10.0	10.0	10.0	10.0	10.0	10.0
	6	7	8	9	10	11	12	13	14	15	16	17	18	19	20	21	22	23	24	25	26	27	28	29	30	31	33	34	35	36	37	40	50	51	54	72
CO2_30_g0_r3_T1 - Adapter 1	0.05938375350140056	0.07171671896010758	2.4014336917562726	6.402877697841727	176.28571428571428	461.1111111111111	790.0	950.0	3150.0	5270.0	7100.0	8750.0	8980.0	51840.0	52660.0	112340.0	59360.0	32340.0	63890.0	19160.0	7880.0	2600.0	500.0	50.0	50.0	120.0	60.0	20.0	20.0	30.0	10.0	10.0	10.0	20.0	10.0	10.0
	6	7	8	9	10	11	12	13	14	15	16	17	18	19	20	21	22	23	24	25	26	27	28	29	30	31	32	33	34	37	38	40	41	42	43	44	48	52	70	76
CO2_30_g10_r1_T1 - Adapter 1	0.038842493688094774	0.05439005439005439	1.9099378881987576	5.093167701863353	142.0	421.0	473.33333333333337	1430.0	3400.0	6100.0	7530.0	10740.0	14250.0	135080.0	155560.0	328360.0	158510.0	45960.0	179410.0	55430.0	17200.0	5890.0	520.0	170.0	290.0	110.0	40.0	40.0	60.0	30.0	40.0	20.0	10.0	10.0	10.0	10.0	10.0	10.0	10.0	10.0
	6	7	8	9	10	11	12	13	14	15	16	17	18	19	20	21	22	23	24	25	26	27	28	29	30	31	33	34	37	38	39	47	48	50	51	52	53	61	68	69	83
CO2_30_g10_r2_T1 - Adapter 1	0.05214689892377677	0.07101642254771416	2.291296625222025	5.531914893617022	163.14285714285714	336.6666666666667	605.0	1020.0	2600.0	2650.0	5580.0	9370.0	11790.0	88730.0	106440.0	228890.0	110140.0	31780.0	125220.0	39680.0	12760.0	4670.0	380.0	50.0	100.0	160.0	40.0	30.0	10.0	10.0	10.0	30.0	20.0	30.0	10.0	10.0	20.0	10.0	10.0	20.0	10.0
	6	7	8	9	10	11	12	13	14	15	16	17	18	19	20	21	22	23	24	25	26	27	28	29	30	31	33	34	36	37	40	51	77
CO2_30_g10_r3_T1 - Adapter 1	0.03255340793489318	0.02849002849002849	1.7589576547231272	4.285714285714286	157.3684210526316	278.0	640.0	900.0	2530.0	4650.0	6060.0	10610.0	8210.0	45960.0	35410.0	75220.0	44830.0	45170.0	37380.0	12190.0	6610.0	2110.0	520.0	50.0	20.0	50.0	30.0	30.0	10.0	10.0	10.0	20.0	10.0
	6	7	8	9	10	11	12	13	14	15	16	17	18	19	20	21	22	23	24	25	26	27	28	29	30	31	33	36	37	39	47	51	52	53	65	72
CO2_30_g4_r1_T1 - Adapter 1	0.031129558256744738	0.02965599051008304	2.0853080568720377	5.523809523809524	158.46153846153845	287.14285714285717	465.0	82.0	210.0	330.0	426.0	643.0	899.0	8240.0	9653.0	20961.0	10209.0	2370.0	11340.0	3625.0	1042.0	367.0	37.0	5.0	13.0	18.0	9.0	3.0	1.0	2.0	1.0	4.0	1.0	1.0	1.0	1.0
	6	7	8	9	10	11	12	13	14	15	16	17	18	19	20	21	22	23	24	25	26	27	28	29	30	31	33	34	35	36	38	39	40	43	47	48	50	51	52	53	56	65	69
CO2_30_g4_r2_T1 - Adapter 1	0.06241699867197875	0.05310674455655868	2.484076433121019	7.372881355932203	188.9655172413793	385.7142857142857	505.0	102.0	232.0	398.0	508.0	747.0	960.0	9204.0	11151.0	23959.0	11791.0	2836.0	13105.0	4024.0	1272.0	446.0	31.0	10.0	20.0	9.0	4.0	1.0	2.0	3.0	1.0	2.0	1.0	1.0	2.0	2.0	1.0	1.0	1.0	1.0	1.0	2.0	1.0
	6	7	8	9	10	11	12	13	14	15	16	17	18	19	20	21	22	23	24	25	26	27	28	29	30	31	33	34	36	37	38	47	48	50	52	53	72
CO2_30_g4_r3_T1 - Adapter 1	0.03710192723899825	0.06183017312448475	1.9471947194719472	5.723684210526316	153.1578947368421	383.3333333333333	840.0	1330.0	3150.0	5420.0	7960.0	9950.0	13390.0	124680.0	153290.0	314220.0	157840.0	45330.0	179380.0	54620.0	17510.0	5920.0	350.0	50.0	290.0	190.0	60.0	30.0	20.0	10.0	20.0	10.0	20.0	10.0	40.0	20.0	10.0
	6	7	8	9	10	11	12	13	14	15	16	17	18	19	20	21	22	23	24	25	26	27	28	29	30	31	33	35	36	37	42	43	47	49	52	75
CO2_30_g8_r1_T1 - Adapter 1	0.045941807044410414	0.037700282752120645	2.297551789077213	6.015037593984962	179.0909090909091	413.75	735.0	900.0	3230.0	4990.0	7020.0	8910.0	8390.0	52000.0	54060.0	113530.0	58020.0	32230.0	62230.0	20520.0	7760.0	2660.0	270.0	100.0	180.0	110.0	20.0	30.0	40.0	10.0	10.0	10.0	10.0	10.0	10.0	10.0
	6	7	8	9	10	11	12	13	14	15	16	17	18	19	20	21	22	23	24	25	26	27	28	29	30	31	33	34	37	38	39	40	44	47	51	54	55	67	68
CO2_30_g8_r2_T1 - Adapter 1	0.05330643999423714	0.0345821325648415	1.7511520737327189	5.925925925925926	157.77777777777777	378.5714285714286	390.0	61.0	183.0	358.0	486.0	688.0	869.0	7138.0	8328.0	17871.0	8805.0	2640.0	9404.0	3082.0	1024.0	314.0	31.0	7.0	8.0	8.0	1.0	1.0	2.0	1.0	1.0	1.0	4.0	1.0	2.0	1.0	2.0	3.0	1.0
	6	7	8	9	10	11	12	13	14	15	16	17	18	19	20	21	22	23	24	25	26	27	28	29	30	31	32	33	34	36	37	38	44	47	52	53	65	67
CO2_30_g8_r3_T1 - Adapter 1	0.04154382203162691	0.07502679528403002	2.96137339055794	9.743589743589745	221.3793103448276	491.42857142857144	750.0	108.0	254.0	242.0	498.0	852.0	796.0	3291.0	3632.0	6453.0	3693.0	3216.0	3481.0	1132.0	587.0	182.0	35.0	7.0	5.0	3.0	3.0	2.0	2.0	1.0	3.0	1.0	1.0	2.0	2.0	1.0	1.0	1.0
	6	7	8	9	10	11	12	13	14	15	16	17	18	19	20	21	22	23	24	25	26	27	28	29	30	31	32	33	35	36	37	38	39	40	47	48	50
CO2_4_g0_r1_T1 - Adapter 1	0.0485030941629035	0.04013377926421405	2.5133689839572195	6.451612903225806	169.13043478260872	375.0	880.0	85.0	147.0	315.0	420.0	583.0	793.0	7775.0	9360.0	19401.0	9641.0	2309.0	10869.0	3336.0	1007.0	317.0	16.0	3.0	16.0	12.0	1.0	9.0	1.0	1.0	1.0	3.0	2.0	1.0	1.0	1.0	1.0
	6	7	8	9	10	11	12	13	14	15	16	17	18	19	20	21	22	23	24	25	26	27	28	29	30	31	33	34	36	37	38	44	52	53	54
CO2_4_g0_r2_T1 - Adapter 1	0.043029259896729774	0.05737234652897303	2.110091743119266	6.513761467889908	151.48148148148147	407.14285714285717	585.0	88.0	229.0	419.0	545.0	710.0	1012.0	8871.0	10990.0	21913.0	10905.0	3242.0	12384.0	3812.0	1157.0	407.0	26.0	3.0	13.0	14.0	3.0	4.0	1.0	3.0	3.0	1.0	1.0	3.0	1.0
	6	7	8	9	10	11	12	13	14	15	16	17	18	19	20	21	22	23	24	25	26	27	28	29	30	31	32	33	34	37	38	39	40	43	44	47	49	51	52	53	54	66	71
CO2_4_g0_r3_T1 - Adapter 1	0.04186866460996033	0.04847950639048039	2.1693121693121693	5.845070422535212	157.42857142857142	326.6666666666667	705.0	1120.0	2660.0	2640.0	5140.0	8900.0	12320.0	91860.0	114500.0	237910.0	118260.0	31330.0	134670.0	39410.0	12500.0	4350.0	310.0	120.0	140.0	110.0	40.0	100.0	40.0	20.0	10.0	10.0	20.0	10.0	10.0	30.0	20.0	10.0	10.0	30.0	10.0	10.0	10.0
	6	7	8	9	10	11	12	13	14	15	16	17	18	19	20	21	22	23	24	25	26	27	28	29	30	31	32	34	45	46	47	50	56
CO2_4_g0_r4_T1 - Adapter 1	0.03321256038647343	0.024154589371980676	1.3043478260869565	4.660194174757281	168.46153846153845	353.33333333333337	410.0	70.0	176.0	337.0	454.0	710.0	530.0	2732.0	2374.0	4983.0	2995.0	2842.0	2428.0	719.0	418.0	141.0	35.0	11.0	2.0	3.0	1.0	3.0	1.0	1.0	1.0	2.0	1.0
	6	7	8	9	10	11	12	13	14	15	16	17	18	19	20	21	22	23	24	25	26	27	28	29	30	31	32	33	34	37	39	43	44	46	51	52
CO2_4_g10_r1_T1 - Adapter 1	0.03396515832146379	0.02629272567922875	2.192982456140351	4.335664335664336	181.38888888888889	327.77777777777777	615.0	970.0	2990.0	4620.0	6430.0	9580.0	7620.0	39330.0	35420.0	76110.0	41870.0	38990.0	35910.0	12930.0	6880.0	2170.0	530.0	40.0	30.0	10.0	10.0	60.0	40.0	20.0	30.0	10.0	20.0	10.0	10.0	10.0
	6	7	8	9	10	11	12	13	14	15	16	17	18	19	20	21	22	23	24	25	26	27	28	29	30	31	32	33	34	38	41	46	47	50	51	52	53	65	69
CO2_4_g10_r2_T1 - Adapter 1	0.04585537918871252	0.028222013170272814	2.0300751879699246	5.037593984962406	181.81818181818184	341.25	685.0	890.0	2660.0	4600.0	5870.0	9400.0	7660.0	39160.0	36070.0	72910.0	41460.0	39160.0	35760.0	12140.0	7270.0	2260.0	360.0	50.0	60.0	10.0	20.0	70.0	40.0	10.0	10.0	10.0	10.0	10.0	10.0	20.0	10.0	10.0	10.0
	6	7	8	9	10	11	12	13	14	15	16	17	18	19	20	21	22	23	24	25	26	27	28	29	30	31	32	33	36	37	38	44	49	50	51	52	53	55
CO2_4_g10_r3_T1 - Adapter 1	0.039854247324071966	0.04100227790432802	1.9854280510018216	5.255474452554745	152.35294117647058	297.77777777777777	590.0	1150.0	2430.0	4370.0	6060.0	9200.0	11900.0	106720.0	129000.0	279140.0	136140.0	29530.0	155240.0	50290.0	17010.0	5460.0	510.0	80.0	140.0	120.0	20.0	110.0	10.0	20.0	10.0	10.0	10.0	30.0	20.0	10.0	20.0	10.0
	6	7	8	9	10	11	12	13	14	15	16	17	18	19	20	21	22	23	24	25	26	27	28	29	30	31	32	33	35	36	38	39	40	41	42	43	44	47	48	49	51	52	53	65
CO2_4_g10_r4_T1 - Adapter 1	0.057205452775073024	0.0243427458617332	2.124756335282651	7.1875	170.3125	358.75	625.0	1170.0	2970.0	4470.0	5260.0	8060.0	10510.0	101870.0	122430.0	259970.0	129930.0	30580.0	150370.0	48880.0	15650.0	5290.0	430.0	70.0	270.0	60.0	50.0	100.0	20.0	20.0	10.0	10.0	10.0	10.0	10.0	20.0	10.0	10.0	10.0	20.0	10.0	10.0	10.0	10.0
	6	7	8	9	10	11	12	13	14	15	16	17	18	19	20	21	22	23	24	25	26	27	28	29	30	31	33	34	35	38	40	41	44	47	51	52	61	67
CO2_4_g4_r1_T1 - Adapter 1	0.03303445021236432	0.04719207173194903	2.018867924528302	4.166666666666667	159.69696969696972	381.25	570.0	1020.0	2580.0	4190.0	6220.0	8030.0	10740.0	83620.0	100740.0	217080.0	108030.0	30680.0	117290.0	36530.0	12690.0	4400.0	380.0	70.0	140.0	190.0	20.0	10.0	20.0	30.0	20.0	10.0	10.0	30.0	10.0	20.0	10.0	10.0
	6	7	8	9	10	11	12	13	14	15	16	17	18	19	20	21	22	23	24	25	26	27	28	29	30	31	34	35	36	37	43	47	52	54
CO2_4_g4_r2_T1 - Adapter 1	0.04309230371455658	0.037917959324370906	2.8689655172413793	10.16574585635359	251.33333333333334	543.6363636363636	840.0	1810.0	3850.0	3640.0	7910.0	13020.0	12210.0	48870.0	56200.0	97760.0	57090.0	50130.0	53930.0	17010.0	8790.0	2590.0	610.0	90.0	110.0	70.0	40.0	20.0	10.0	10.0	10.0	10.0	20.0	10.0
	6	7	8	9	10	11	12	13	14	15	16	17	18	19	20	21	22	23	24	25	26	27	28	29	30	31	32	33	34	35	37	38	39	44	46	50	51	52	53	54	55	56
CO2_4_g4_r3_T1 - Adapter 1	0.04317958783120707	0.054945054945054944	1.6012558869701725	4.716981132075472	181.75	378.0	705.0	1010.0	3430.0	5340.0	7460.0	11500.0	8520.0	47360.0	37390.0	81110.0	45620.0	43200.0	39420.0	12810.0	7190.0	2380.0	560.0	110.0	50.0	30.0	10.0	20.0	10.0	10.0	10.0	10.0	10.0	10.0	10.0	10.0	10.0	30.0	30.0	10.0	10.0	10.0
	6	7	8	9	10	11	12	13	14	15	16	17	18	19	20	21	22	23	24	25	26	27	28	29	30	32	33	34	37	40	45	50	53	56	67
CO2_4_g4_r4_T1 - Adapter 1	0.03863197363935916	0.02727272727272727	1.981818181818182	5.289855072463768	168.52941176470588	363.3333333333333	715.0	820.0	2670.0	4550.0	6060.0	9650.0	7780.0	41830.0	36070.0	71460.0	41010.0	37850.0	35460.0	12220.0	6010.0	2220.0	410.0	110.0	60.0	20.0	60.0	10.0	10.0	10.0	10.0	10.0	20.0	10.0	10.0
	6	7	8	9	10	11	12	13	14	15	16	17	18	19	20	21	22	23	24	25	26	27	28	29	30	31	32	33	35	36	37	41	43	47	50	53	68
CO2_4_g8_r1_T1 - Adapter 1	0.04885301614273577	0.02973661852166525	2.1598639455782314	6.462585034013606	140.0	341.1111111111111	640.0	1110.0	2380.0	2880.0	5170.0	8090.0	11350.0	87640.0	110980.0	234380.0	117020.0	32300.0	134300.0	43760.0	14940.0	4900.0	370.0	90.0	190.0	140.0	10.0	30.0	60.0	20.0	70.0	10.0	20.0	20.0	10.0	10.0	10.0
	6	7	8	9	10	11	12	13	14	15	16	17	18	19	20	21	22	23	24	25	26	27	28	29	30	31	32	33	34	49	51	52
CO2_4_g8_r2_T1 - Adapter 1	0.041894940380277156	0.017189514396218308	1.6494845360824741	5.103448275862069	156.11111111111111	316.6666666666667	650.0	830.0	2160.0	4180.0	5660.0	9130.0	7300.0	39490.0	33960.0	73720.0	42520.0	42440.0	37970.0	12480.0	7040.0	2500.0	510.0	100.0	40.0	50.0	20.0	10.0	30.0	20.0	10.0	30.0
	6	7	8	9	10	11	12	13	14	15	16	17	18	19	20	21	22	23	24	25	26	27	28	29	30	31	33	35	37	38	48	49	51	52	53	61	69	70	76
CO2_4_g8_r3_T1 - Adapter 1	0.04335114426857546	0.028225806451612902	2.4516129032258065	6.387096774193548	201.53846153846155	378.0	875.0	1110.0	3010.0	5130.0	5600.0	10200.0	10680.0	75730.0	79630.0	166790.0	89840.0	49540.0	88070.0	27620.0	11670.0	4130.0	640.0	150.0	110.0	70.0	60.0	20.0	30.0	10.0	10.0	10.0	20.0	10.0	10.0	10.0	10.0	10.0	10.0
	6	7	8	9	10	11	12	13	14	15	16	17	18	19	20	21	22	23	24	25	26	27	28	29	30	31	33	34	35	38	39	47	52	56
CO2_4_g8_r4_T1 - Adapter 1	0.05727240186135306	0.04295942720763723	2.0610687022900764	6.412213740458015	185.15151515151516	343.75	560.0	610.0	2290.0	3260.0	5160.0	7130.0	6340.0	36650.0	34010.0	69690.0	42320.0	36600.0	39160.0	12710.0	5950.0	1870.0	370.0	40.0	60.0	60.0	30.0	20.0	10.0	10.0	20.0	10.0	10.0	10.0
	6	7	8	9	10	11	13	14	16	17	18	19	20	21	22	23	24	25	27	28	30	31	32	33	34
CO2_amb_g0_r1_T1 - Adapter 1	0.0021015467383994624	0.0016812373907195697	0.020174848688634835	0.026881720430107524	0.2150537634408602	0.8695652173913044	20.0	130.0	10.0	20.0	50.0	90.0	2650.0	90.0	20.0	20.0	10.0	30.0	20.0	30.0	10.0	130.0	70.0	60.0	20.0
	6	8	14	15	17	18	19	20	21	22	23	26	27	33	34	42
CO2_amb_g0_r2_T1 - Adapter 1	0.0016618196925633569	0.006648936170212766	50.0	20.0	20.0	30.0	70.0	2410.0	110.0	30.0	60.0	20.0	20.0	40.0	80.0	10.0
	6	7	10	14	17	19	20	21	22	23	28	31	33	34	39
CO2_amb_g0_r3_T1 - Adapter 1	0.0029717682020802376	0.003962750148603131	0.12658227848101264	80.0	10.0	80.0	1420.0	100.0	10.0	20.0	30.0	30.0	30.0	20.0	10.0
	6	7	8	9	11	13	14	15	17	18	19	20	21	22	23	25	27	28	33	34
CO2_amb_g10_r1_T1 - Adapter 1	0.004700607463118311	0.0014463407578825572	0.005787037037037037	0.09259259259259259	0.37037037037037035	5.0	70.0	20.0	10.0	10.0	35.0	1360.0	120.0	10.0	15.0	20.0	20.0	5.0	40.0	30.0
	6	7	11	14	15	18	19	20	21	22	23	24	26	27	31	33	34	43
CO2_amb_g10_r2_T1 - Adapter 1	0.0036387159375758063	0.0032346757237586934	0.8333333333333334	40.0	15.0	20.0	25.0	1175.0	25.0	10.0	15.0	5.0	5.0	15.0	5.0	30.0	20.0	10.0
	6	7	8	14	18	19	20	21	22	23	25	26	27	28	32	33	34	36	37	42	43
CO2_amb_g10_r3_T1 - Adapter 1	0.003612571749688917	0.0016056518946692359	0.0064226075786769435	55.0	20.0	85.0	1800.0	60.0	5.0	10.0	5.0	5.0	15.0	10.0	15.0	45.0	15.0	5.0	5.0	10.0	5.0
	6	9	11	12	14	19	20	21	23	27	28	32	33	34
CO2_amb_g4_r1_T1 - Adapter 1	0.0029336984158028555	0.03125	0.5	2.0	60.0	20.0	2150.0	110.0	40.0	20.0	10.0	20.0	70.0	90.0
	6	7	8	10	14	15	16	18	19	20	21	22	23	27	31	32	33	34
CO2_amb_g4_r2_T1 - Adapter 1	0.005200208008320334	0.0029717682020802376	0.011890606420927468	0.37735849056603776	20.0	10.0	10.0	20.0	30.0	1590.0	140.0	10.0	40.0	10.0	10.0	10.0	20.0	20.0
	6	7	9	10	14	15	18	19	20	21	23	33	34	42	43
CO2_amb_g4_r3_T1 - Adapter 1	0.004575761537455877	0.005230125523012553	0.041841004184100423	0.3333333333333333	20.0	10.0	10.0	70.0	1370.0	70.0	20.0	10.0	50.0	10.0	10.0
	6	7	9	12	19	20	21	22	23	27	28	30	31	33	34	41
CO2_amb_g8_r1_T1 - Adapter 1	0.0025158815019812567	0.0025157232704402514	0.04032258064516129	2.5	10.0	710.0	50.0	20.0	30.0	10.0	10.0	10.0	10.0	10.0	20.0	10.0
	6	7	10	14	15	17	18	19	20	21	22	23	24	27	28	31	32	33	34	37
CO2_amb_g8_r2_T1 - Adapter 1	0.0025131942699170647	0.005026388539834129	0.16129032258064516	70.0	20.0	10.0	40.0	60.0	3370.0	140.0	20.0	30.0	10.0	10.0	10.0	20.0	20.0	60.0	20.0	10.0
	6	7	10	14	16	17	19	20	21	22	23	26	27	28	31	32	33	34	43	44
CO2_amb_g8_r3_T1 - Adapter 1	0.0031978072179077205	0.001827485380116959	0.11627906976744186	60.0	10.0	10.0	30.0	1550.0	50.0	20.0	60.0	10.0	50.0	10.0	10.0	60.0	30.0	10.0	10.0	20.0

