	1	2	3	4	5	6	7	8	9	10	11	12	13	14	15	16	17	18	19	20	21	22	23	24	25	26	27	28	29	30	31	32	33	34	35	36	37	38	39	40	41	42	43	44	45	46	47	48	49	50	51
CO2_1_g0_r1_T1	0.0	0.0040892007684915676	0.0463734991726072	0.777457529019559	0.00484078208676935	0.5412725538925092	0.02947838833484945	0.0017946879740184832	0.03597926058584699	0.0	0.0	0.0	0.0	0.0	2.78977497256605e-05	8.42273717901475e-05	0.5778799788853222	0.0027898280413161253	0.0	0.0	0.0	0.0	0.0	0.00020574544145256284	0.0	0.0	0.002212531077327961	0.0	0.0	1.8180991514779514	0.0	0.0	0.0	0.0	0.0	0.0	0.0	0.002275869524400166	0.0	0.003414639698601136	0.0	0.0	0.0	0.0005696804662264935	0.0	0.0	0.0	0.0	0.0	0.0	0.0
	1	2	3	4	5	6	7	8	9	10	11	12	13	14	15	16	17	18	19	20	21	22	23	24	25	26	27	28	29	30	31	32	33	34	35	36	37	38	39	40	41	42	43	44	45	46	47	48	49	50	51
CO2_1_g0_r2_T1	0.0	0.0046801437942558186	0.04679199423362556	0.7739910131343756	0.00509479305249638	0.5462519376733382	0.032055392454273336	0.002427048779999646	0.037501002231539696	0.0	0.0	0.0	0.0	0.0	0.0	4.642960946198297e-05	0.5782666525814382	0.0037834893164988836	0.0	0.0	2.9847904035406777e-05	0.0	0.0	0.0	0.0	0.0	0.00113627647879282	0.0	0.0	1.7791501249816204	0.0	0.0	0.0	0.0	0.0	0.0	0.0	0.0	0.0	0.0004604517953015499	0.0	0.0	0.0	0.0	0.0	0.0	0.0	0.0	0.0	0.0	0.0
	1	2	3	4	5	6	7	8	9	10	11	12	13	14	15	16	17	18	19	20	21	22	23	24	25	26	27	28	29	30	31	32	33	34	35	36	37	38	39	40	41	42	43	44	45	46	47	48	49	50	51
CO2_1_g0_r3_T1	0.0	0.005574511884701656	0.04605433539651809	0.7743839672157882	0.00507430517502132	0.5405634573202658	0.030486042708478003	0.002764906324417036	0.036261465206298325	0.0	0.0	0.0	0.0	0.0	2.7908877144006457e-05	0.0	0.574327879730876	0.003482406426979722	0.0	0.0	2.4054744750292504e-05	0.0	0.0	0.0	0.0	0.0	0.0010720231066923339	0.0	0.0	1.7886608882217314	0.0	0.0	0.0	0.0	0.0	0.0	0.0	0.0	0.0	0.0	0.0	0.0	0.0	0.0	0.0	0.0	0.0	0.0	0.0	0.0	0.0
	1	2	3	4	5	6	7	8	9	10	11	12	13	14	15	16	17	18	19	20	21	22	23	24	25	26	27	28	29	30	31	32	33	34	35	36	37	38	39	40	41	42	43	44	45	46	47	48	49	50	51
CO2_1_g10_r1_T1	0.0	0.004722516675753626	0.048392517128417425	0.8027415542122419	0.005179234452389203	0.5394191670475279	0.03225440882899061	0.0029904921610076924	0.03914247862218475	0.0	0.0	0.0	0.0	0.0	3.049720508364011e-05	0.00011262361209315488	0.5895388168732104	0.003897209867838282	0.0	0.0	0.0	3.805835411319468e-05	0.0	0.0	0.0	0.0	0.0011380189366351056	0.0	0.0	1.8104497191979805	0.0	0.0	0.0	0.0	0.0	0.0	0.0	0.0	0.0	0.0	0.0	0.0011912609099645004	0.0	0.0	0.0	0.0	0.0	0.0	0.0	0.0	0.0
	1	2	3	4	5	6	7	8	9	10	11	12	13	14	15	16	17	18	19	20	21	22	23	24	25	26	27	28	29	30	31	32	33	34	35	36	37	38	39	40	41	42	43	44	45	46	47	48	49	50	51
CO2_1_g10_r2_T1	0.0	0.005471230191764569	0.04863852101190255	0.8007521832454789	0.005430983927259245	0.5452079487246492	0.033839431997652755	0.0027364576095044247	0.03789263255297948	0.0	0.0	0.0	0.0	0.0	7.194175102522134e-05	9.315930209605324e-05	0.5864667451041957	0.0038055130844709606	0.0	0.0	5.301493271609815e-05	0.0	0.0	0.0	0.0	0.0	0.0019248700135279864	0.0	0.0	1.8360761535979346	0.0	0.0	0.0	0.0	0.0	0.0	0.0	0.0	0.0	0.0	0.0	0.0	0.0	0.0	0.0	0.0	0.0	0.0	0.0	0.0	0.0
	1	2	3	4	5	6	7	8	9	10	11	12	13	14	15	16	17	18	19	20	21	22	23	24	25	26	27	28	29	30	31	32	33	34	35	36	37	38	39	40	41	42	43	44	45	46	47	48	49	50	51
CO2_1_g10_r3_T1	0.0	0.0049542059221923266	0.04997232631500638	0.7980616677217226	0.00488468444198401	0.5450660776340134	0.03298800075107304	0.0024388105928530384	0.037238863347397455	0.0	0.0	0.0	0.0	0.0	3.9065771758384765e-05	0.00014163487881641083	0.5974873109250695	0.0036936717526748993	0.0	0.0	4.038870085704823e-05	2.9404586527406543e-05	0.0	0.00037050877205982766	0.0	0.0	0.0010658102289360372	0.0	0.0	1.7519288417121235	0.0	0.0	0.0	0.0	0.0	0.0	0.0	0.0	0.0	0.00030753806552406024	0.0	0.0006152994200802965	0.0	0.0	0.0	0.0	0.0	0.0006208519330224935	0.0	0.0	0.0
	1	2	3	4	5	6	7	8	9	10	11	12	13	14	15	16	17	18	19	20	21	22	23	24	25	26	27	28	29	30	31	32	33	34	35	36	37	38	39	40	41	42	43	44	45	46	47	48	49	50	51
CO2_1_g4_r1_T1	0.0	0.0048225319629444235	0.048173859100537925	0.7848185177432542	0.005058548521658183	0.539510967352249	0.033741861541995474	0.002278987928808671	0.036876206937968885	0.0	0.0	0.0	0.0	0.0	4.570415941367048e-05	9.97174544281645e-05	0.5822279152940878	0.004236751197556242	0.0	0.0	3.966429725376305e-05	0.0	0.0	0.0002657626484417273	0.0	0.0	0.0007781150939963034	0.0	0.0	1.7768400601083774	0.0	0.0	0.0	0.0	0.0	0.0	0.0	0.0	0.0	0.00030399294736362114	0.0	0.0012163896339275396	0.0	0.0	0.0	0.0	0.0	0.0	0.0	0.0	0.0
	1	2	3	4	5	6	7	8	9	10	11	12	13	14	15	16	17	18	19	20	21	22	23	24	25	26	27	28	29	30	31	32	33	34	35	36	37	38	39	40	41	42	43	44	45	46	47	48	49	50	51
CO2_1_g4_r2_T1	0.0	0.004516424387870526	0.04663237964740056	0.8042023674979372	0.005142711716690945	0.5491903722094751	0.033010122256742484	0.002337072094567129	0.039752375461137336	0.0	0.0	0.0	0.0	0.0	1.961087128649767e-05	3.949316447372644e-05	0.5907796504865813	0.0035911115778180258	0.0	0.0	0.00010216276009042426	0.0	0.0	0.0	0.0	0.0	0.001240529333866761	0.0	0.0	1.8462398094003796	0.0	0.0	0.0	0.0	0.0	0.0	0.0	0.0	0.0	0.0	0.0	0.0	0.0	0.0	0.0	0.0	0.0	0.0	0.0	0.0	0.0
	1	2	3	4	5	6	7	8	9	10	11	12	13	14	15	16	17	18	19	20	21	22	23	24	25	26	27	28	29	30	31	32	33	34	35	36	37	38	39	40	41	42	43	44	45	46	47	48	49	50	51
CO2_1_g4_r3_T1	0.0	0.005083007250561411	0.048916047845695435	0.7968580731715567	0.0050735188758476105	0.5465172619114123	0.03280238908000267	0.002439877522249018	0.038394922069073134	0.0	0.0	0.0	0.0	0.0	3.084210037170899e-05	0.00010351400011324432	0.5971811624717611	0.0038376249043186763	0.0	0.0	7.94022387725896e-05	0.0	0.0	0.0	0.0	0.0	0.0012647501486081425	0.0	0.0	1.789633767098827	0.0	0.0	0.0	0.0	0.0	0.0	0.0	0.0	0.0	0.0004019615724736715	0.0	0.0	0.0	0.0	0.0	0.0	0.0	0.0	0.0	0.0	0.0
	1	2	3	4	5	6	7	8	9	10	11	12	13	14	15	16	17	18	19	20	21	22	23	24	25	26	27	28	29	30	31	32	33	34	35	36	37	38	39	40	41	42	43	44	45	46	47	48	49	50	51
CO2_1_g8_r1_T1	0.0	0.00513611653387936	0.04926144437105345	0.8065542674460977	0.004770697150004416	0.5455968570522299	0.033197221967656385	0.0024093622146574025	0.0391543834306681	0.0	0.0	0.0	0.0	0.0	3.55305462620148e-05	4.771015697953676e-05	0.5879007783215485	0.003803314723544689	0.0	0.0	9.207797899885455e-05	0.0	0.0	0.0	0.0	0.0	0.0006354422451082295	0.0	0.0	1.8522317224403024	0.0	0.0	0.0	0.0	0.0	0.0	0.0	0.0	0.0	0.0	0.0	0.0	0.0	0.0	0.0	0.0	0.0	0.0	0.0	0.0	0.0
	1	2	3	4	5	6	7	8	9	10	11	12	13	14	15	16	17	18	19	20	21	22	23	24	25	26	27	28	29	30	31	32	33	34	35	36	37	38	39	40	41	42	43	44	45	46	47	48	49	50	51
CO2_1_g8_r2_T1	0.0	0.004783636573370872	0.04810248937444348	0.8069763110289618	0.005285406000740139	0.5475305171644042	0.03187042580328829	0.0022785867621582883	0.03812771151787759	0.0	0.0	0.0	0.0	0.0	1.8280345922641963e-05	9.204091807870474e-05	0.5938790980573335	0.003453427526820369	0.0	0.0	7.102096183688616e-05	0.0	0.0	0.0	0.0	0.0	0.0014011577766708631	0.0	0.0	1.7995255339537521	0.0	0.0	0.0	0.0	0.0	0.0	0.0	0.0	0.0	0.0	0.0	0.0	0.00035963331786910066	0.0	0.0	0.0	0.0	0.0	0.0	0.0	0.0
	1	2	3	4	5	6	7	8	9	10	11	12	13	14	15	16	17	18	19	20	21	22	23	24	25	26	27	28	29	30	31	32	33	34	35	36	37	38	39	40	41	42	43	44	45	46	47	48	49	50	51
CO2_1_g8_r3_T1	0.0	0.005191642545233085	0.04941989453525149	0.8037247657524872	0.005079133725982586	0.5410116816654651	0.03196831671440149	0.002385704202294554	0.03961316489854012	0.0	0.0	0.0	0.0	0.0	3.093479697544303e-05	0.00013500299498951963	0.5906342013915259	0.004060884541609703	0.0	0.0	5.374011014035573e-05	0.0	0.0	0.0003547558570191994	0.0	0.0	0.0009526380134321961	0.0	0.0	1.794310900042286	0.0	0.0	0.0	0.0	0.0	0.0	0.0	0.0004071396000260569	0.0	0.0008145013826160969	0.0	0.0	0.0	0.0	0.0	0.0	0.0	0.001643594705981452	0.0	0.0	0.0
	1	2	3	4	5	6	7	8	9	10	12	14	16	18	20	22	24	26	28	30	32	34	36	38	40	42	44	46	48	50	52	54	56	58	60	62	64	66	68	70	72	74	76	78	80	82	84	86	88	90	92	94	96	98	100
CO2_30_g0_r1_T1	0.00014915956045660726	0.0	7.458128203732197e-05	0.0	0.0	0.0	0.0	0.0	0.0	3.729689509564478e-05	0.0	0.0	0.0	3.4994664188577846e-05	0.0	0.0	0.0	0.0	0.0	0.0012663116772931322	0.0	0.0006338943298152198	0.002536630530250904	0.004442385434052788	0.0	0.0	0.0009538313816883452	0.0	0.00386950731498112	0.014502920820797863	0.020855057351407715	0.0016397205916111896	0.0027380881755662135	0.002881705969934201	0.0	0.0	0.0	0.0	0.023245354719059676	0.0005300653040454583	0.002812290835869082	0.0029809813390568175	0.0	0.0	0.0	0.0	0.0	0.0	0.0	0.0	0.0	0.0	0.0	0.0	0.0
	1	2	3	4	5	6	7	8	9	10	12	14	16	18	20	22	24	26	28	30	32	34	36	38	40	42	44	46	48	50	52	54	56	58	60	62	64	66	68	70	72	74	76	78	80	82	84	86	88	90	92	94	96	98	100
CO2_30_g0_r2_T1	0.0002893765526860655	0.0	2.89379902276407e-05	0.0	0.0	0.0	0.0	0.0	0.0	1.4471407248843663e-05	0.0	0.0	0.0	0.0	0.0	0.0	0.0	0.0	0.0	0.0005205296910135754	0.0	0.0005211835034997473	0.002085810232985003	0.002609480765517277	0.0	0.0	0.0005235136139715314	0.0	0.0010675035894808197	0.01813986973306048	0.028359676321560914	0.0007331539549990102	0.0017073149910792791	0.00091775956534907	0.0	0.0	0.0	0.0	0.03236468130596393	0.0010335703654704813	0.0011083771142293454	0.0	0.0	0.0	0.0	0.0	0.0	0.0	0.0	0.0	0.0	0.0	0.0	0.0	0.0
	1	2	3	4	5	6	7	8	9	10	12	14	16	18	20	22	24	26	28	30	32	34	36	38	40	42	44	46	48	50	52	54	56	58	60	62	64	66	68	70	72	74	76	78	80	82	84	86	88	90	92	94	96	98	100
CO2_30_g0_r3_T1	0.00024619559419306655	0.0	0.00013677742537834004	0.0	0.0	0.0	0.0	0.0	0.0	0.0	0.0	0.0	0.0	9.592784384328383e-05	0.0	0.0	0.0	0.0	0.0	0.0	0.0	0.0	0.004932823907155285	0.007629819128405368	0.0	0.0	0.0	0.0	0.0036724201248622846	0.01364057095532713	0.020572455647409765	0.0012622119001337946	0.0	0.0015884488003240437	0.0	0.0	0.0	0.0	0.027916892257715216	0.0	0.007741061493057235	0.0	0.0	0.0	0.0	0.0	0.0	0.0	0.0	0.0	0.0	0.0	0.0	0.0	0.0
	1	2	3	4	5	6	7	8	9	10	12	14	16	18	20	22	24	26	28	30	32	34	36	38	40	42	44	46	48	50	52	54	56	58	60	62	64	66	68	70	72	74	76	78	80	82	84	86	88	90	92	94	96	98	100
CO2_30_g10_r1_T1	0.00014225209727008743	0.0	0.000165963180357167	0.0	0.0	0.0	0.0	0.0	0.0	1.1856068748126e-05	0.0	0.0	0.0	0.00011634236233166716	0.0	0.0	0.0	0.0	0.0	0.0	0.0	0.0	0.000409150235875111	0.00040956749672346	0.0	0.0	0.0	0.0	0.0	0.00892458723784025	0.015408320493066256	0.0	0.0	0.0	0.0	0.0	0.0	0.0	0.019236244161799896	0.0008085185514581632	0.0	0.0	0.0	0.0	0.0	0.0	0.0	0.0	0.0	0.0	0.0	0.0	0.0	0.0	0.0
	1	2	3	4	5	6	7	8	9	10	12	14	16	18	20	22	24	26	28	30	32	34	36	38	40	42	44	46	48	50	52	54	56	58	60	62	64	66	68	70	72	74	76	78	80	82	84	86	88	90	92	94	96	98	100
CO2_30_g10_r2_T1	0.00018962055031676112	0.0	8.126724897359465e-05	0.0	0.0	0.0	0.0	0.0	0.0	2.7092370896724968e-05	0.0	0.0	0.0	3.800155160335197e-05	0.0	0.0	0.0	0.0	0.0	0.0	0.0	0.0	0.0	0.0	0.0	0.0	0.0	0.0	0.0	0.01628085070459904	0.03161236514299551	0.000786707785260243	0.0	0.0	0.0	0.0	0.0	0.0	0.03604367645499841	0.0011040330326683374	0.0	0.0	0.0	0.0	0.0	0.0	0.0	0.0	0.0	0.0	0.0	0.0	0.0	0.0	0.0
	1	2	3	4	5	6	7	8	9	10	12	14	16	18	20	22	24	26	28	30	32	34	36	38	40	42	44	46	48	50	52	54	56	58	60	62	64	66	68	70	72	74	76	78	80	82	84	86	88	90	92	94	96	98	100
CO2_30_g10_r3_T1	0.0001986960077749748	0.0	9.934963246845338e-05	0.0	0.0	0.0	0.0	0.0	0.0	0.0	0.0	0.0	0.0	8.718420138574057e-05	0.0	0.0	0.0	0.0	0.0	0.0	0.0	0.0	0.0	0.0	0.0	0.0	0.0	0.0	0.0	0.006691680806825514	0.011223344556677891	0.0	0.0	0.0	0.0	0.0	0.0	0.0	0.02067568126369764	0.0	0.0	0.0	0.0	0.0	0.0	0.0	0.0	0.0	0.0	0.0	0.0	0.0	0.0	0.0	0.0
	1	2	3	4	5	6	7	8	9	10	12	14	16	18	20	22	24	26	28	30	32	34	36	38	40	42	44	46	48	50	52	54	56	58	60	62	64	66	68	70	72	74	76	78	80	82	84	86	88	90	92	94	96	98	100
CO2_30_g4_r1_T1	0.00018096232871010775	0.0	7.238590081901027e-05	0.0	0.0	0.0	0.0	0.0	0.0	0.0	0.0	0.0	0.0	0.00015288899036187804	0.0	0.0	0.0	0.0	0.0	0.0	0.0	0.0	0.002448954602504056	0.004902922141596391	0.0	0.0	0.0	0.0	0.003756809216705278	0.015271940133994674	0.027297408959452284	0.0	0.0	0.0021067489703264406	0.0	0.0	0.0	0.0	0.028836022847002717	0.0	0.004973516027155398	0.0	0.0	0.0	0.0	0.0	0.0	0.0	0.0	0.0	0.0	0.0	0.0	0.0	0.0
	1	2	3	4	5	6	7	8	9	10	12	14	16	18	20	22	24	26	28	30	32	34	36	38	40	42	44	46	48	50	52	54	56	58	60	62	64	66	68	70	72	74	76	78	80	82	84	86	88	90	92	94	96	98	100
CO2_30_g4_r2_T1	6.484453522679376e-05	0.0	0.00016211396611818109	0.0	0.0	0.0	0.0	0.0	0.0	1.6214351127610837e-05	0.0	0.0	0.0	6.868183756882779e-05	0.0	0.0	0.0	0.0	0.0	0.0	0.0	0.0	0.0	0.0	0.0	0.0	0.0	0.0	0.0	0.012878631774160314	0.02088524637388912	0.0	0.0	0.0	0.0	0.0	0.0	0.0	0.026427352309640478	0.0	0.0	0.0	0.0	0.0	0.0	0.0	0.0	0.0	0.0	0.0	0.0	0.0	0.0	0.0	0.0
	1	2	3	4	5	6	7	8	9	10	12	14	16	18	20	22	24	26	28	30	32	34	36	38	40	42	44	46	48	50	52	54	56	58	60	62	64	66	68	70	72	74	76	78	80	82	84	86	88	90	92	94	96	98	100
CO2_30_g4_r3_T1	0.00020128318027424832	0.0	7.54824650459575e-05	0.0	0.0	0.0	0.0	0.0	0.0	3.774696898130242e-05	0.0	0.0	0.0	5.3392278408696535e-05	0.0	0.0	0.0	0.0	0.0	0.0	0.0	0.0	0.0	0.0	0.0	0.0	0.0	0.0	0.0	0.004789891413161664	0.01116385886755942	0.0	0.0	0.0	0.0	0.0	0.0	0.0007925123433797481	0.021816066320841616	0.0016987734855434375	0.0	0.0	0.0	0.0	0.0	0.0	0.0	0.0	0.0	0.0	0.0	0.0	0.0	0.0	0.0
	1	2	3	4	5	6	7	8	9	10	12	14	16	18	20	22	24	26	28	30	32	34	36	38	40	42	44	46	48	50	52	54	56	58	60	62	64	66	68	70	72	74	76	78	80	82	84	86	88	90	92	94	96	98	100
CO2_30_g8_r1_T1	0.00020132355859522172	0.0	0.00011504342314006421	0.0	0.0	0.0	0.0	0.0	0.0	4.314737676893458e-05	0.0	0.0	0.0	0.00010101603952878846	0.0	0.0	0.0	0.0	0.0	0.0	0.0	0.0	0.0009686824949386339	0.001938970891199496	0.0	0.0	0.0	0.0	0.0004957489527303374	0.009485016308958597	0.016453070554292192	0.0	0.0	0.0008671447524735305	0.0	0.0	0.0	0.0	0.02116148976887973	0.0	0.0021005314344529165	0.0	0.0	0.0	0.0	0.0	0.0	0.0	0.0	0.0	0.0	0.0	0.0	0.0	0.0
	1	2	3	4	5	6	7	8	9	10	12	14	16	18	20	22	24	26	28	30	32	34	36	38	40	42	44	46	48	50	52	54	56	58	60	62	64	66	68	70	72	74	76	78	80	82	84	86	88	90	92	94	96	98	100
CO2_30_g8_r2_T1	0.00028137854383086336	0.0	7.034567513030656e-05	0.0	0.0	0.0	0.0	0.0	0.0	1.758850977833201e-05	0.0	0.0	0.0	4.95050240173624e-05	0.0	0.0	0.0	0.0	0.0	0.0	0.0	0.0	0.0005892126939982795	0.0005898521830429294	0.0	0.0	0.0	0.0	0.0	0.00894968995716934	0.01347393502726699	0.0	0.0	0.0	0.0	0.0	0.0	0.0	0.01815715552137738	0.0	0.0	0.0	0.0	0.0	0.0	0.0	0.0	0.0	0.0	0.0	0.0	0.0	0.0	0.0	0.0
	1	2	3	4	5	6	7	8	9	10	12	14	16	18	20	22	24	26	28	30	32	34	36	38	40	42	44	46	48	50	52	54	56	58	60	62	64	66	68	70	72	74	76	78	80	82	84	86	88	90	92	94	96	98	100
CO2_30_g8_r3_T1	9.815424219362953e-05	0.0	9.815604062089586e-05	0.0	0.0	0.0	0.0	0.0	0.0	3.272332688901949e-05	0.0	0.0	0.0	0.00016142708926433755	0.0	0.0	0.0	0.0	0.0	0.0	0.0	0.0	0.0005968153930626178	0.0011948787496788764	0.0	0.0	0.0	0.0	0.0	0.011129369095706028	0.019117506488922874	0.0008636249794889067	0.0	0.0	0.0	0.0	0.0	0.0	0.031085976637692945	0.001253337009788562	0.0013360767442481896	0.0	0.0	0.0	0.0	0.0	0.0	0.0	0.0	0.0	0.0	0.0	0.0	0.0	0.0
	1	2	3	4	5	6	7	8	9	10	12	14	16	18	20	22	24	26	28	30	32	34	36	38	40	42	44	46	48	50	52	54	56	58	60	62	64	66	68	70	72	74	76	78	80	82	84	86	88	90	92	94	96	98	100
CO2_4_g0_r1_T1	0.0001633264368745363	0.0	4.0832509537453413e-05	0.0	0.0	0.0	0.0	0.0	0.0	4.0838696134780765e-05	0.0	0.0	0.0	5.770911547218897e-05	0.0	0.0	0.0	0.0	0.0	0.0	0.0	0.0	0.0	0.0007979890675497746	0.0	0.0	0.0	0.0	0.0	0.012210225191438889	0.028363245146461928	0.0	0.0	0.0	0.0	0.0	0.0	0.0	0.02900851934410211	0.0016094765982102622	0.0	0.0	0.0	0.0	0.0	0.0	0.0	0.0	0.0	0.0	0.0	0.0	0.0	0.0	0.0
	1	2	3	4	5	6	7	8	9	10	12	14	16	18	20	22	24	26	28	30	32	34	36	38	40	42	44	46	48	50	52	54	56	58	60	62	64	66	68	70	72	74	76	78	80	82	84	86	88	90	92	94	96	98	100
CO2_4_g0_r2_T1	0.00024510842371122866	0.0	0.00010504793862679234	0.0	0.0	0.0	0.0	0.0	0.0	1.751042395538064e-05	0.0	0.0	0.0	4.915867387595005e-05	0.0	0.0	0.0	0.0	0.0	0.0016320224566290032	0.0	0.0010891347913217738	0.005993897122929381	0.00818040520273771	0.0	0.0	0.0010934339292548248	0.0	0.006670854480868546	0.026400704018773837	0.03417480736370378	0.0036824545769227938	0.005044390637610976	0.005384353069978642	0.0	0.0	0.0	0.0	0.03868873497272916	0.0009901284196560294	0.004238769908972416	0.0	0.0	0.0	0.0	0.0	0.0	0.0	0.0	0.0	0.0	0.0	0.0	0.0	0.0
	1	2	3	4	5	6	7	8	9	10	12	14	16	18	20	22	24	26	28	30	32	34	36	38	40	42	44	46	48	50	52	54	56	58	60	62	64	66	68	70	72	74	76	78	80	82	84	86	88	90	92	94	96	98	100
CO2_4_g0_r3_T1	0.00021518993470599407	0.0	5.379845324067088e-05	0.0	0.0	0.0	0.0	0.0	0.0	0.0	0.0	0.0	0.0	1.891367420817903e-05	0.0	0.0	0.0	0.0	0.0	0.0020301786049627714	0.0	0.0015246923933096498	0.005592613682583584	0.01017718478714418	0.0	0.0	0.0020411495754408884	0.0	0.009869104508622481	0.018630647414997672	0.02291047430710888	0.004818845817586034	0.004702120656416044	0.007532830586640106	0.0	0.0	0.0	0.0	0.024917239169899977	0.0	0.00783606942757513	0.002588159171789065	0.0	0.0	0.0	0.0	0.0	0.0	0.0	0.0	0.0	0.0	0.0	0.0	0.0
	1	2	3	4	5	6	7	8	9	10	12	14	16	18	20	22	24	26	28	30	32	34	36	38	40	42	44	46	48	50	52	54	56	58	60	62	64	66	68	70	72	74	76	78	80	82	84	86	88	90	92	94	96	98	100
CO2_4_g0_r4_T1	0.0003317178673194874	0.0	0.00014743288025980623	0.0	0.0	0.0	0.0	0.0	0.0	1.843180710597773e-05	0.0	0.0	0.0	0.00018255070802292107	0.0	0.0	0.0	0.0	0.0	0.001769963715743827	0.0005904581955597543	0.0011812930433652677	0.006502181186234291	0.011831939136505081	0.0005919366391021505	0.0	0.0011862044423356366	0.0	0.010260495883730474	0.023637339329977258	0.03316585751383087	0.004056104030956186	0.005565811077819316	0.00792738515200761	0.0	0.0	0.0	0.0	0.03950678892978188	0.0010993722584404305	0.00945380633877715	0.001545332323716215	0.0	0.0	0.0	0.0	0.0	0.0	0.0	0.0	0.0	0.0	0.0	0.0	0.0
	1	2	3	4	5	6	7	8	9	10	12	14	16	18	20	22	24	26	28	30	32	34	36	38	40	42	44	46	48	50	52	54	56	58	60	62	64	66	68	70	72	74	76	78	80	82	84	86	88	90	92	94	96	98	100
CO2_4_g10_r1_T1	0.00013374691445868344	0.0	8.024988744953286e-05	0.0	0.0	0.0	0.0	0.0	0.0	1.3376616497220607e-05	0.0	0.0	0.0	3.805744161893312e-05	0.0	0.0	0.0	0.0	0.0	0.0	0.0	0.0	0.004687413442649497	0.0076798033970330365	0.0	0.0	0.0	0.0	0.0039311266609010145	0.0223581306739579	0.03175528647433028	0.0006055431419211462	0.0	0.0014990705762427297	0.0	0.0	0.0	0.0	0.03160731077098133	0.0	0.009874681317102948	0.0	0.0	0.0	0.0	0.0	0.0	0.0	0.0	0.0	0.0	0.0	0.0	0.0	0.0
	1	2	3	4	5	6	7	8	9	10	12	14	16	18	20	22	24	26	28	30	32	34	36	38	40	42	44	46	48	50	52	54	56	58	60	62	64	66	68	70	72	74	76	78	80	82	84	86	88	90	92	94	96	98	100
CO2_4_g10_r2_T1	0.00022966008298192948	0.0	5.7416075639938046e-05	0.0	0.0	0.0	0.0	0.0	0.0	1.4356032182204463e-05	0.0	0.0	0.0	0.0001225298492923697	0.0	0.0	0.0	0.0	0.0	0.0	0.0	0.0	0.0009389539114472566	0.0014101720409890007	0.0	0.0	0.0	0.0	0.0009636882275846118	0.013380129478483724	0.018502564339776467	0.0	0.0	0.0008547446877617655	0.0	0.0	0.0	0.0	0.023465280410100903	0.0009547177377008488	0.0010282036254459833	0.0	0.0	0.0	0.0	0.0	0.0	0.0	0.0	0.0	0.0	0.0	0.0	0.0	0.0
	1	2	3	4	5	6	7	8	9	10	12	14	16	18	20	22	24	26	28	30	32	34	36	38	40	42	44	46	48	50	52	54	56	58	60	62	64	66	68	70	72	74	76	78	80	82	84	86	88	90	92	94	96	98	100
CO2_4_g10_r3_T1	0.00033361393972485746	0.0	0.00019461110723433428	0.0	0.0	0.0	0.0	0.0	0.0	0.0	0.0	0.0	0.0	5.941056403003244e-05	0.0	0.0	0.0	0.0	0.0	0.0	0.0	0.0	0.0035007701694372765	0.0055065803635344236	0.0	0.0	0.0	0.0	0.0030786597567858797	0.015314103195178244	0.0237815028690249	0.0014147473261275536	0.0	0.0017609044005000968	0.0	0.0	0.0	0.0	0.028775375704300523	0.0	0.00416267743412563	0.0	0.0	0.0	0.0	0.0	0.0	0.0	0.0	0.0	0.0	0.0	0.0	0.0	0.0
	1	2	3	4	5	6	7	8	9	10	12	14	16	18	20	22	24	26	28	30	32	34	36	38	40	42	44	46	48	50	52	54	56	58	60	62	64	66	68	70	72	74	76	78	80	82	84	86	88	90	92	94	96	98	100
CO2_4_g10_r4_T1	0.00011886472303033724	0.0	8.915010530113271e-05	0.0	0.0	0.0	0.0	0.0	0.0	4.458158400151221e-05	0.0	0.0	0.0	6.35859688657662e-05	0.0	0.0	0.0	0.0	0.0	0.0	0.0	0.0	0.0005607172695311843	0.0005615075354311255	0.0	0.0	0.0	0.0	0.0	0.014234611147557216	0.022409120512048405	0.0016515822157627006	0.0	0.0	0.0	0.0	0.0	0.0	0.027744792302484823	0.002343237416815072	0.0	0.0	0.0	0.0	0.0	0.0	0.0	0.0	0.0	0.0	0.0	0.0	0.0	0.0	0.0
	1	2	3	4	5	6	7	8	9	10	12	14	16	18	20	22	24	26	28	30	32	34	36	38	40	42	44	46	48	50	52	54	56	58	60	62	64	66	68	70	72	74	76	78	80	82	84	86	88	90	92	94	96	98	100
CO2_4_g4_r1_T1	0.00017282340443672246	0.0	5.7608697530718395e-05	0.0	0.0	0.0	0.0	0.0	0.0	1.440424475807927e-05	0.0	0.0	0.0	6.128789149428255e-05	0.0	0.0	0.0	0.0	0.0	0.00048011369092201036	0.0	0.00048086864111330705	0.002405766140285035	0.0024081646414002033	0.0	0.0	0.0004831384674847812	0.0	0.0009849208616087698	0.01568512631755061	0.023236360256529417	0.0006706863133044044	0.0015411170016027616	0.000824803490568372	0.0	0.0	0.0	0.0	0.025295918634369304	0.0	0.000985784980580036	0.00260223532014	0.0	0.0	0.0	0.0	0.0	0.0	0.0	0.0	0.0	0.0	0.0	0.0	0.0
	1	2	3	4	5	6	7	8	9	10	12	14	16	18	20	22	24	26	28	30	32	34	36	38	40	42	44	46	48	50	52	54	56	58	60	62	64	66	68	70	72	74	76	78	80	82	84	86	88	90	92	94	96	98	100
CO2_4_g4_r2_T1	0.0002524965066056242	0.0	4.208341522064545e-05	0.0	0.0	0.0	0.0	0.0	0.0	1.0522332809601755e-05	0.0	0.0	0.0	1.4948585833882944e-05	0.0	0.0	0.0	0.0	0.0	0.0	0.0	0.0	0.002239365811602154	0.003362386846342657	0.0	0.0	0.0	0.0	0.002295130879838423	0.013469552688400265	0.02197872642438173	0.0005367311996479043	0.0	0.0013623514185484146	0.0	0.0	0.0	0.0	0.02952203820151743	0.0	0.0041355466779153536	0.0	0.0	0.0	0.0	0.0	0.0	0.0	0.0	0.0	0.0	0.0	0.0	0.0	0.0
	1	2	3	4	5	6	7	8	9	10	12	14	16	18	20	22	24	26	28	30	32	34	36	38	40	42	44	46	48	50	52	54	56	58	60	62	64	66	68	70	72	74	76	78	80	82	84	86	88	90	92	94	96	98	100
CO2_4_g4_r3_T1	0.000263541985113232	0.0	0.00011979427967939217	0.0	0.0	0.0	0.0	0.0	0.0	1.1981112973508562e-05	0.0	0.0	0.0	8.454587619879712e-05	0.0	0.0	0.0	0.0	0.0	0.0003659237195414244	0.0	0.0	0.0025673470136252773	0.0036712606374776973	0.0	0.0	0.0	0.0	0.0018755462528461417	0.01911581395534068	0.0296342164624707	0.001021659174499387	0.000588973242945573	0.0012627777321774709	0.0	0.0	0.0	0.0	0.02797128281630859	0.0007042848691438714	0.003026130638059645	0.0	0.0	0.0	0.0	0.0	0.0	0.0	0.0	0.0	0.0	0.0	0.0	0.0	0.0
	1	2	3	4	5	6	7	8	9	10	12	14	16	18	20	22	24	26	28	30	32	34	36	38	40	42	44	46	48	50	52	54	56	58	60	62	64	66	68	70	72	74	76	78	80	82	84	86	88	90	92	94	96	98	100
CO2_4_g4_r4_T1	0.0002219297681055853	0.0	0.0001109677777315412	0.0	0.0	0.0	0.0	0.0	0.0	1.3873017771197034e-05	0.0	0.0	0.0	1.964712583178563e-05	0.0	0.0	0.0	0.0	0.0	0.0004493432847892804	0.0	0.0	0.0027025322727395567	0.004058478160878075	0.0004512329941565328	0.0	0.0	0.0	0.003229571804915408	0.017722117202268434	0.026990553306342778	0.0019310611180843873	0.0007480158878574581	0.0032301567433559715	0.0	0.0	0.0	0.0	0.032386731667405314	0.0009013800127995961	0.0029105302986204085	0.0025666692333359	0.0	0.0	0.0	0.0	0.0	0.0	0.0	0.0	0.0	0.0	0.0	0.0	0.0
	1	2	3	4	5	6	7	8	9	10	12	14	16	18	20	22	24	26	28	30	32	34	36	38	40	42	44	46	48	50	52	54	56	58	60	62	64	66	68	70	72	74	76	78	80	82	84	86	88	90	92	94	96	98	100
CO2_4_g8_r1_T1	0.0003111461092864409	0.0	0.00010371641856835041	0.0	0.0	0.0	0.0	0.0	0.0	1.2966374560180575e-05	0.0	0.0	0.0	0.00011088937343438067	0.0	0.0	0.0	0.0	0.0	0.0	0.0	0.0	0.0	0.0	0.0	0.0	0.0	0.0	0.0	0.011305418865768977	0.02251745102454402	0.0007691893513426199	0.0	0.0	0.0	0.0	0.0	0.0	0.03335590753338118	0.0010522549824273418	0.0	0.0	0.0	0.0	0.0	0.0	0.0	0.0	0.0	0.0	0.0	0.0	0.0	0.0	0.0
	1	2	3	4	5	6	7	8	9	10	12	14	16	18	20	22	24	26	28	30	32	34	36	38	40	42	44	46	48	50	52	54	56	58	60	62	64	66	68	70	72	74	76	78	80	82	84	86	88	90	92	94	96	98	100
CO2_4_g8_r2_T1	5.245404959687752e-05	0.0	0.00010490980510643231	0.0	0.0	0.0	0.0	0.0	0.0	3.9346321204217764e-05	0.0	0.0	0.0	0.0001119548150366512	0.0	0.0	0.0	0.0	0.0	0.0	0.0	0.0	0.0	0.0	0.0	0.0	0.0	0.0	0.0	0.005575096550535716	0.012994130042993622	0.0	0.0	0.0	0.0	0.0	0.0	0.0	0.02139257078801674	0.0	0.0	0.0	0.0	0.0	0.0	0.0	0.0	0.0	0.0	0.0	0.0	0.0	0.0	0.0	0.0
	1	2	3	4	5	6	7	8	9	10	12	14	16	18	20	22	24	26	28	30	32	34	36	38	40	42	44	46	48	50	52	54	56	58	60	62	64	66	68	70	72	74	76	78	80	82	84	86	88	90	92	94	96	98	100
CO2_4_g8_r3_T1	0.00017230018532115647	0.0	0.00017230340857987285	0.0	0.0	0.0	0.0	0.0	0.0	1.2309142135264425e-05	0.0	0.0	0.0	1.7479574679997057e-05	0.0	0.0	0.0	0.0	0.0	0.0	0.0	0.0	0.0	0.0	0.0	0.0	0.0	0.0	0.0	0.010088866095524746	0.01629923533301666	0.0	0.0	0.0	0.0	0.0	0.0	0.0	0.021928622334301845	0.0	0.0	0.0	0.0	0.0	0.0	0.0	0.0	0.0	0.0	0.0	0.0	0.0	0.0	0.0	0.0
	1	2	3	4	5	6	7	8	9	10	12	14	16	18	20	22	24	26	28	30	32	34	36	38	40	42	44	46	48	50	52	54	56	58	60	62	64	66	68	70	72	74	76	78	80	82	84	86	88	90	92	94	96	98	100
CO2_4_g8_r4_T1	0.00029129296207074345	0.0	0.00011651945889528482	0.0	0.0	0.0	0.0	0.0	0.0	0.0	0.0	0.0	0.0	0.0001449901251368344	0.0	0.0	0.0	0.0	0.0	0.0	0.0	0.0	0.0	0.0	0.0	0.0	0.0	0.0	0.0	0.009850882269643275	0.019984150501326535	0.0	0.0	0.0	0.0	0.0	0.0	0.0	0.03553928167573098	0.001134365606034825	0.0	0.003214193880174852	0.014245014245014244	0.0	0.0	0.0	0.0	0.0	0.0	0.0	0.07855459544383347	0.0	0.0	0.0	0.0
	1	2	3	4	5	6	7	8	9	10	11	12	13	14	15	16	17	18	19	20	21	22	23	24	25	26	27	28	29	30	31	32	33	34	35	36	37	38	39	40	41	42	43	44	45	46	47	48	49	50	51
CO2_amb_g0_r1_T1	0.0	0.004320411574105526	0.04624318744254238	0.7758679701557821	0.004977714209003239	0.5402099380646581	0.030833405182147007	0.0021145312227985064	0.03805318391821327	0.0	0.0	0.0	0.0	0.0	1.0290752873538379e-05	2.0712531806681656e-05	0.5644042055561809	0.003979463384866953	0.0	0.0	5.340295654788336e-05	0.0	0.0	0.0	0.0	0.0	0.001373941313814207	0.0	0.0	1.7956713673109537	0.0	0.0	0.0	0.0	0.0	0.0	0.0	0.0	0.0	0.0	0.0	0.0	0.0	0.0	0.0	0.0	0.0	0.0	0.0	0.0	0.0
	1	2	3	4	5	6	7	8	9	10	11	12	13	14	15	16	17	18	19	20	21	22	23	24	25	26	27	28	29	30	31	32	33	34	35	36	37	38	39	40	41	42	43	44	45	46	47	48	49	50	51
CO2_amb_g0_r2_T1	0.0	0.004372411806120565	0.046617729041932114	0.7644240085792756	0.005164462773608723	0.5432023653564051	0.031041000910427788	0.0024660056553729697	0.0370230654306565	0.0	0.0	0.0	0.0	0.0	4.0701129873540574e-05	7.167668245908772e-05	0.5688954225957039	0.0032127936502958257	0.0	0.0	0.0	0.0	0.0	0.0	0.0	0.0	0.00032913331791892297	0.0	0.0	1.7971912929251908	0.0	0.0	0.0	0.0	0.0	0.0	0.0	0.0	0.0	0.0	0.0	0.0	0.0	0.0	0.0	0.0	0.0	0.0	0.0	0.0	0.0
	1	2	3	4	5	6	7	8	9	10	11	12	13	14	15	16	17	18	19	20	21	22	23	24	25	26	27	28	29	30	31	32	33	34	35	36	37	38	39	40	41	42	43	44	45	46	47	48	49	50	51
CO2_amb_g0_r3_T1	0.0	0.004377877063407139	0.046368317063504395	0.7711401989967437	0.005164533323334861	0.5368896973978001	0.03036090405821262	0.0021895046517901315	0.03675171458603936	0.0	0.0	0.0	0.0	0.0	1.2127900842282713e-05	1.2205742435643697e-05	0.5683883809281443	0.0030618386295271226	0.0	0.0	6.285864787276906e-05	0.0	0.0	0.0	0.0	0.0	0.0008004234239912914	0.0	0.0	1.77320979260443	0.0	0.0	0.0	0.0	0.0	0.0	0.0	0.0	0.0	0.0	0.0	0.0	0.0	0.0	0.0	0.0	0.0	0.0	0.0	0.0	0.0
	1	2	3	4	5	6	7	8	9	10	11	12	13	14	15	16	17	18	19	20	21	22	23	24	25	26	27	28	29	30	31	32	33	34	35	36	37	38	39	40	41	42	43	44	45	46	47	48	49	50	51
CO2_amb_g10_r1_T1	0.0	0.004997368435225938	0.04546413772216635	0.7702522114618262	0.0054485003245699016	0.5409529797894386	0.03168791396643041	0.002216920259674671	0.03625083350859575	0.0	0.0	0.0	0.0	0.0	4.428908228061137e-05	8.91882760940815e-05	0.5796889518105655	0.00352480340576321	0.0	0.0	9.054378788125726e-05	0.0	0.0	0.0	0.0	0.0	0.0013064605851155634	0.0	0.0	1.7800961888954556	0.0	0.0	0.0	0.0	0.0	0.0	0.0	0.0	0.0	0.0	0.0	0.0	0.0	0.0	0.0	0.0	0.0	0.0	0.0	0.0	0.0
	1	2	3	4	5	6	7	8	9	10	11	12	13	14	15	16	17	18	19	20	21	22	23	24	25	26	27	28	29	30	31	32	33	34	35	36	37	38	39	40	41	42	43	44	45	46	47	48	49	50	51
CO2_amb_g10_r2_T1	0.0	0.004501657172546644	0.04601554814133615	0.7751368573863497	0.004709563583403261	0.5416140026187127	0.030461836995896097	0.002053974905561591	0.03733937452350573	0.0	0.0	0.0	0.0	0.0	2.9706764527350522e-05	0.0	0.5786885230652166	0.0035824889935203133	0.0	0.0	7.664565894316877e-05	0.0	0.0	0.0	0.0	0.0	0.000938263071763833	0.0	0.0	1.7767828897049107	0.0	0.0	0.0	0.0	0.0	0.0	0.0	0.0	0.0	0.0	0.0	0.0	0.0	0.0	0.0	0.0	0.0	0.0	0.0	0.0	0.0
	1	2	3	4	5	6	7	8	9	10	11	12	13	14	15	16	17	18	19	20	21	22	23	24	25	26	27	28	29	30	31	32	33	34	35	36	37	38	39	40	41	42	43	44	45	46	47	48	49	50	51
CO2_amb_g10_r3_T1	0.0	0.004684867212437362	0.04799750808934927	0.7919888368781368	0.005577507256150697	0.54397628509643	0.03152727594630599	0.0022745142637534584	0.03845354773196132	0.0	0.0	0.0	0.0	0.0	9.831004057157064e-06	0.0001484729703472753	0.5785443068805587	0.0032689535225388774	0.0	0.0	2.5344938273670083e-05	0.0	0.0	0.0	0.0	0.0	0.0011683189292590677	0.0	0.0	1.774001310274605	0.0	0.0	0.0	0.0	0.0	0.0	0.0	0.0	0.0	0.0	0.0	0.0	0.0	0.0	0.0	0.0	0.0	0.0	0.0	0.0	0.0
	1	2	3	4	5	6	7	8	9	10	11	12	13	14	15	16	17	18	19	20	21	22	23	24	25	26	27	28	29	30	31	32	33	34	35	36	37	38	39	40	41	42	43	44	45	46	47	48	49	50	51
CO2_amb_g4_r1_T1	0.0	0.004262198004766021	0.046933704441115214	0.7746081916046065	0.00546869785408535	0.5361824331383981	0.030462735035345606	0.0020660179927476795	0.0370353075106911	0.0	0.0	0.0	0.0	0.0	3.592261980313447e-05	0.00010846881087812012	0.5725748903404809	0.003195885147123779	0.0	0.0	3.1002801103079664e-05	0.0	0.0	0.0	0.0	0.0	0.0012610450571398917	0.0	0.0	1.7864460358655143	0.0	0.0	0.0	0.0	0.0	0.0	0.0	0.0	0.0	0.0	0.0	0.0	0.0	0.0	0.0	0.0	0.0	0.0	0.0	0.0	0.0
	1	2	3	4	5	6	7	8	9	10	11	12	13	14	15	16	17	18	19	20	21	22	23	24	25	26	27	28	29	30	31	32	33	34	35	36	37	38	39	40	41	42	43	44	45	46	47	48	49	50	51
CO2_amb_g4_r2_T1	0.0	0.0050969878796893195	0.04756127822658469	0.771905841745244	0.0044807418802426495	0.5407381337667898	0.032474188462773515	0.00230419219648119	0.03786700100428294	0.0	0.0	0.0	0.0	0.0	0.0	3.662490511860518e-05	0.5743928651485308	0.00383079713153581	0.0	0.0	4.737315836846843e-05	0.0	0.0	0.0	0.0	0.0	0.0022151697779956847	0.0	0.0	1.76897065989398	0.0	0.0	0.0	0.0	0.0	0.0	0.0	0.0	0.0	0.0007399569345064118	0.0	0.0	0.0	0.0	0.0	0.0	0.0	0.0	0.0	0.0	0.0
	1	2	3	4	5	6	7	8	9	10	11	12	13	14	15	16	17	18	19	20	21	22	23	24	25	26	27	28	29	30	31	32	33	34	35	36	37	38	39	40	41	42	43	44	45	46	47	48	49	50	51
CO2_amb_g4_r3_T1	0.0	0.004676568222511435	0.04557044136768147	0.7744419626645451	0.004836780217664688	0.5338587312929145	0.03331797013579587	0.0023948420849112017	0.0366594901776197	0.0	0.0	0.0	0.0	0.0	1.6008091129580536e-05	3.2226129461385364e-05	0.5776035804018949	0.0034998659390431974	0.0	0.0	0.0	0.0	0.0	0.0	0.0	0.0	0.0009038322487346349	0.0	0.0	1.7744878680998406	0.0	0.0	0.0	0.0	0.0	0.0	0.0	0.0	0.0	0.0	0.0	0.0	0.0	0.0	0.0	0.0	0.0	0.0	0.0	0.0	0.0
	1	2	3	4	5	6	7	8	9	10	11	12	13	14	15	16	17	18	19	20	21	22	23	24	25	26	27	28	29	30	31	32	33	34	35	36	37	38	39	40	41	42	43	44	45	46	47	48	49	50	51
CO2_amb_g8_r1_T1	0.0	0.00385462504326855	0.0448597430416718	0.7721544007778678	0.0055599294349729395	0.5484638159491336	0.026081831515976504	0.0017819200249714587	0.03823670563973742	0.0	0.0	0.0	0.0	0.0	7.701448719518628e-05	4.652422190565074e-05	0.5615598431134657	0.002947394057665765	0.0	0.0	3.950940383075278e-05	0.0	0.0	0.0	0.0	0.0	0.0009679113199648648	0.0	0.0	1.888236466888333	0.0	0.0	0.0	0.0	0.0	0.0	0.0	0.0	0.0	0.0	0.0	0.0	0.0	0.0	0.0	0.0	0.0	0.0	0.0	0.0	0.0
	1	2	3	4	5	6	7	8	9	10	11	12	13	14	15	16	17	18	19	20	21	22	23	24	25	26	27	28	29	30	31	32	33	34	35	36	37	38	39	40	41	42	43	44	45	46	47	48	49	50	51
CO2_amb_g8_r2_T1	0.0	0.0036971412353974426	0.046867789570835254	0.7726933114046863	0.004970931557176529	0.536988271994479	0.033203470529848525	0.002209599204789797	0.037657668468577404	0.0	0.0	0.0	0.0	0.0	3.077409307593677e-05	1.549398144037939e-05	0.5781058916913561	0.0034173960995083612	0.0	0.0	3.988680125802971e-05	0.0	0.0	0.0	0.0	0.0	0.0008460656135969996	0.0	0.0	1.7820952285635647	0.0	0.0	0.0	0.0	0.0	0.0	0.0	0.0	0.0	0.0	0.0	0.0	0.0	0.0	0.0	0.0	0.0	0.0	0.0	0.0	0.0
	1	2	3	4	5	6	7	8	9	10	11	12	13	14	15	16	17	18	19	20	21	22	23	24	25	26	27	28	29	30	31	32	33	34	35	36	37	38	39	40	41	42	43	44	45	46	47	48	49	50	51
CO2_amb_g8_r3_T1	0.0	0.0034244119074498588	0.045221718606015426	0.7855111478194636	0.005410566624657614	0.5484854120440319	0.026597578415440342	0.0017740290844816082	0.03756937418706156	0.0	0.0	0.0	0.0	0.0	3.3564225369005094e-05	1.1263978315490065e-05	0.5740427631221904	0.0029942881129445473	0.0	0.0	5.816205577275852e-05	0.0	0.0	0.0	0.0	0.0	0.0009084648941910938	0.0	0.0	1.8235060460218193	0.0	0.0	0.0	0.0	0.0	0.0	0.0	0.0	0.0	0.0	0.0	0.0	0.0	0.0	0.0	0.0	0.0	0.0	0.0	0.0	0.0

