Sample	featureCounts_mqc-generalstats-featurecounts-percent_assigned	featureCounts_mqc-generalstats-featurecounts-Assigned	Cutadapt_mqc-generalstats-cutadapt-percent_trimmed	FastQC_mqc-generalstats-fastqc-percent_duplicates	FastQC_mqc-generalstats-fastqc-percent_gc	FastQC_mqc-generalstats-fastqc-avg_sequence_length	FastQC_mqc-generalstats-fastqc-median_sequence_length	FastQC_mqc-generalstats-fastqc-percent_fails	FastQC_mqc-generalstats-fastqc-total_sequences
CO2_1_g0_r1_T1	100.0	5202959	0.2509276182785603	87.67157665878767	52.0	20.242339314537382	20	36.36363636363637	7190414.0
CO2_1_g0_r2_T1	100.0	6241998	0.27713546486570895	87.23459522789696	52.0	20.27896086007461	20	36.36363636363637	8697385.0
CO2_1_g0_r3_T1	100.0	7755722	0.277275044135678	87.54109360898101	52.0	20.27561985383388	20	36.36363636363637	10782663.0
CO2_1_g10_r1_T1	100.0	6901231	0.2525992107093487	87.61883885626295	51.0	20.337601593208074	20	36.36363636363637	9868893.0
CO2_1_g10_r2_T1	100.0	6826965	0.25318681078167454	87.54756695425101	51.0	20.335796525373834	20	36.36363636363637	9761453.0
CO2_1_g10_r3_T1	100.0	9038455	0.23208582006802478	88.49502940006344	51.0	20.321428432343094	20	36.36363636363637	12838970.0
CO2_1_g4_r1_T1	100.0	9362857	0.253371023379915	88.21040431197278	51.0	20.28190316216639	20	36.36363636363637	13168820.0
CO2_1_g4_r2_T1	100.0	7295727	0.23869601253617553	88.35280664199115	52.0	20.28039519374806	20	36.36363636363637	10230425.0
CO2_1_g4_r3_T1	100.0	6865687	0.270787141218113	86.95862581713288	51.0	20.330571351782087	20	36.36363636363637	9759539.0
CO2_1_g8_r1_T1	100.0	5976986	0.24133296267651078	87.86721130016711	51.0	20.30967425842924	20	36.36363636363637	8470365.0
CO2_1_g8_r2_T1	100.0	7744546	0.24570931540866012	87.88037623777055	51.0	20.313026697437213	20	36.36363636363637	10976297.0
CO2_1_g8_r3_T1	100.0	6883069	0.23025959448990002	88.2402909590336	51.0	20.294559640990826	20	36.36363636363637	9728108.0
CO2_30_g0_r1_T1	100.0	3221976	0.6005581454411038	88.24391295783144	50.0	20.566692777363592	18	45.45454545454545	4022617.0
CO2_30_g0_r2_T1	100.0	2810382	0.3942884565960517	89.2076620436225	51.0	19.976418882141	18	45.45454545454545	3455731.0
CO2_30_g0_r3_T1	100.0	2954983	0.5034125478718532	88.34090537600659	51.0	20.11547870482347	18	45.45454545454545	3655687.0
CO2_30_g10_r1_T1	100.0	3399832	0.884741046283072	89.51689138742574	51.0	20.057738060381077	18	45.45454545454545	4217911.0
CO2_30_g10_r2_T1	100.0	3003631	0.7174544885566873	89.93937570929927	51.0	19.85437545694919	18	45.45454545454545	3691603.0
CO2_30_g10_r3_T1	100.0	3248234	0.38791096193500013	89.39062352911094	51.0	20.022459848952984	18	45.45454545454545	4026296.0
CO2_30_g4_r1_T1	100.0	2231779	0.8521957870278686	87.8727174979467	51.0	20.07783403238398	18	45.45454545454545	2763033.0
CO2_30_g4_r2_T1	100.0	2497417	0.9068408358930123	88.55860152224803	51.0	19.962226602774013	18	45.45454545454545	3084340.0
CO2_30_g4_r3_T1	100.0	3211760	0.9086994226516216	89.1729282270788	51.0	20.010957220795923	18	45.45454545454545	3974548.0
CO2_30_g8_r1_T1	100.0	2793618	0.5147508216886174	88.55309745217501	51.0	20.07828460545793	18	45.45454545454545	3477031.0
CO2_30_g8_r2_T1	100.0	2287101	0.7586862484181964	88.11411518449654	51.0	20.090020526196575	18	45.45454545454545	2843196.0
CO2_30_g8_r3_T1	100.0	2466873	0.4421483030814321	88.51725382082073	51.0	19.951715509535845	18	45.45454545454545	3056468.0
CO2_4_g0_r1_T1	100.0	1999744	0.9195157389048575	88.11046895441295	52.0	19.873367525220292	18	45.45454545454545	2449119.0
CO2_4_g0_r2_T1	100.0	2311314	0.8977942123012889	87.64364013770205	51.0	20.222244242819805	18	45.45454545454545	2855912.0
CO2_4_g0_r3_T1	100.0	3045490	0.7432319170828351	89.48494887623724	51.0	19.960239794259174	18	45.45454545454545	3717687.0
CO2_4_g0_r4_T1	100.0	2195254	0.3893242283931995	87.5328314070447	51.0	20.141270547406233	18	45.45454545454545	2713177.0
CO2_4_g10_r1_T1	100.0	2981706	0.4159325572661579	88.60648733195914	50.0	20.108260952952104	18	45.45454545454545	3738467.0
CO2_4_g10_r2_T1	100.0	2779618	0.424920724451903	88.28698565765085	51.0	20.05947583799464	18	45.45454545454545	3483465.0
CO2_4_g10_r3_T1	100.0	2889290	0.8671905747708495	89.04613213038925	51.0	19.94886470890938	18	45.45454545454545	3597007.0
CO2_4_g10_r4_T1	100.0	2706700	0.9184651917919879	88.9103488953037	51.0	19.866107299585885	18	45.45454545454545	3365232.0
CO2_4_g4_r1_T1	100.0	2794578	0.7570306132184285	88.36487506981094	51.0	20.066405879830093	18	45.45454545454545	3471801.0
CO2_4_g4_r2_T1	100.0	3832896	0.44274173950120754	89.7574508274481	51.0	19.957651130387504	18	45.45454545454545	4752618.0
CO2_4_g4_r3_T1	100.0	3346972	0.4147556232047836	88.82069707904486	51.0	20.20537636057323	18	45.45454545454545	4173976.0
CO2_4_g4_r4_T1	100.0	2892804	0.4149140525888743	88.25675506691485	51.0	20.091939738060073	18	45.45454545454545	3604796.0
CO2_4_g8_r1_T1	100.0	3128764	0.7123608208199149	89.90673717141901	51.0	19.773805396836345	18	45.45454545454545	3856741.0
CO2_4_g8_r2_T1	100.0	3062879	0.3892227655053304	89.03266899954947	51.0	19.97372921696187	18	45.45454545454545	3812905.0
CO2_4_g8_r3_T1	100.0	3251044	0.5997702588678023	88.94931996374562	51.0	20.153056766355522	18	45.45454545454545	4062741.0
CO2_4_g8_r4_T1	100.0	2771011	0.40702709071140897	89.08641354239467	51.0	19.864826611492585	18	45.45454545454545	3433013.0
CO2_amb_g0_r1_T1	100.0	7072061	0.2223710183095865	88.59154734131225	52.0	20.24768410989033	20	36.36363636363637	9745389.0
CO2_amb_g0_r2_T1	100.0	7049998	0.26562116440804917	86.95260310788339	51.0	20.29747218186934	20	36.36363636363637	9858858.0
CO2_amb_g0_r3_T1	100.0	5976404	0.2302699992402285	87.77767092273794	52.0	20.258250635417703	20	36.36363636363637	8269757.0
CO2_amb_g10_r1_T1	100.0	7938330	0.29825857031617675	86.9966886384099	51.0	20.323327148269478	20	36.36363636363637	11327827.0
CO2_amb_g10_r2_T1	100.0	7168611	0.26488148770580405	88.08784148748384	51.0	20.286233970162296	20	36.36363636363637	10130873.0
CO2_amb_g10_r3_T1	100.0	7228276	0.27465828645206974	87.87057156311873	51.0	20.292880369582544	20	36.36363636363637	10204378.0
CO2_amb_g4_r1_T1	100.0	6002179	0.23780835883163448	87.53507070539153	52.0	20.266169047028708	20	36.36363636363637	8376947.0
CO2_amb_g4_r2_T1	100.0	3960085	0.22265891250335842	86.89272652531564	52.0	20.253989609639632	20	36.36363636363637	5513572.0
CO2_amb_g4_r3_T1	100.0	4482590	0.24652364775315425	86.46443549069018	52.0	20.289381347576608	20	36.36363636363637	6265974.0
CO2_amb_g8_r1_T1	100.0	4611031	0.24672208835207873	86.82427091144751	51.0	20.283140117136647	20	36.36363636363637	6512394.0
CO2_amb_g8_r2_T1	100.0	4631995	0.22768502093430065	87.47672887187342	52.0	20.276323461084715	20	36.36363636363637	6519251.0
CO2_amb_g8_r3_T1	100.0	6419075	0.2475936314768629	88.48697849512507	52.0	20.240172358065248	20	36.36363636363637	8965986.0
